167
0.507825 0.198377 0.546738 -0.837304
0.485593 0.198547 0.918611 -0.395163
0.480956 0.187769 0.900489 -0.434879
0.47632 0.176991 0.880651 -0.473766
0.471138 0.167359 0.808879 -0.587975
0.465956 0.157727 -0.333306 -0.942818
0.459694 0.151185 -0.995867 -0.0908179
0.458292 0.167853 -0.995206 -0.0978036
0.456936 0.181652 -0.994825 -0.101607
0.45558 0.19545 -0.994429 -0.105407
0.453573 0.214388 -0.989181 -0.146702
0.451565 0.233326 -0.982218 -0.187742
0.448592 0.248883 -0.966075 -0.258262
0.445618 0.26444 -0.741138 -0.671353
0.439537 0.281987 -0.320773 -0.947156
0.42464 0.288861 -0.118128 -0.992998
0.406511 0.29293 0.0468226 -0.998903
0.382489 0.293315 0.287098 -0.957901
0.366205 0.291522 0.518916 -0.854826
0.352007 0.284261 0.679313 -0.733848
0.338645 0.274753 0.844837 -0.535024
0.327157 0.260992 0.93208 -0.362254
0.317184 0.239444 0.987646 -0.156701
0.313351 0.227392 0.99086 0.134897
0.31326 0.213856 0.947399 0.320054
0.316825 0.201334 0.885722 0.464217
0.320762 0.191309 0.764259 0.64491
0.329581 0.178175 0.852326 -0.523011
0.340311 0.16797 -0.330946 -0.94365
0.317784 0.17595 -0.327978 -0.944686
0.305956 0.180057 -0.359711 -0.933064
0.294129 0.184163 -0.391034 -0.920376
0.278495 0.190805 -0.402576 -0.915387
0.262861 0.197447 -0.414054 -0.910252
0.247684 0.204351 -0.463896 -0.88589
0.232507 0.211255 -0.512309 -0.858801
0.218928 0.219355 -0.521417 -0.853302
0.205349 0.227456 -0.530467 -0.847706
0.19398 0.23457 -0.590063 -0.807357
0.182612 0.241684 -0.678288 -0.734796
0.162217 0.258971 -0.766755 -0.64194
0.144299 0.276973 -0.860184 -0.509984
0.128585 0.29941 -0.937188 -0.348825
0.119697 0.317379 -0.984461 -0.175601
0.115614 0.333153 -0.999634 -0.0270683
0.113709 0.352187 -0.995432 0.0954753
0.114411 0.367582 -0.968742 0.248071
0.117571 0.389122 -0.920044 0.391815
0.125522 0.410523 -0.854131 0.520058
0.134296 0.428711 -0.763651 0.64563
0.149399 0.448812 -0.680306 0.732928
0.164131 0.464333 -0.600632 0.799526
0.181972 0.478905 -0.506449 0.86227
0.205598 0.495197 -0.417673 0.908597
0.236365 0.51038 -0.375925 0.92665
0.253336 0.517622 0.782733 0.622357
0.273019 0.525199 0.830187 -0.557485
0.265697 0.514376 0.875433 -0.483339
0.256737 0.500933 0.929653 -0.368437
0.250384 0.486744 0.989513 -0.144442
0.245921 0.473871 0.985069 0.17216
0.24642 0.462479 0.886753 0.462243
0.249917 0.451264 0.680934 0.732344
0.257878 0.440982 0.485641 0.874158
0.268215 0.43412 0.240345 0.970688
0.281481 0.428065 -0.0665815 0.997781
0.295157 0.427281 -0.320618 0.947209
0.311552 0.430444 -0.498996 0.866604
0.327371 0.438324 -0.593672 0.804707
0.339842 0.446543 -0.667905 0.744247
0.352711 0.457133 0.191746 0.981445
0.367192 0.471294 0.855058 0.518532
0.374307 0.454954 0.662192 0.749334
0.382952 0.444254 0.377805 0.925885
0.396447 0.435863 0.0295725 0.999563
0.411877 0.432436 -0.359295 0.933224
0.427051 0.434876 -0.600545 0.799591
0.439458 0.442927 -0.708869 0.705341
0.451135 0.45302 -0.793705 0.608303
0.469953 0.475011 -0.845743 0.533591
0.48438 0.496096 -0.886039 0.463611
0.497174 0.518154 -0.0179802 0.999838
0.506621 0.538297 0.889533 0.456872
0.517048 0.517995 0.857866 0.513874
0.527475 0.497693 0.82255 0.568693
0.536323 0.484897 0.794627 0.607098
0.54517 0.4721 0.693749 0.720217
0.560415 0.453997 0.530601 0.847622
0.578002 0.440278 0.23918 0.970975
0.593326 0.432759 -0.148435 0.988922
0.608297 0.432356 -0.507205 0.861826
0.622889 0.43727 -0.749084 0.662474
0.635915 0.449141 -0.894421 0.447226
0.642366 0.458245 -0.241294 0.970452
0.646441 0.47093 0.671 0.741457
0.657808 0.459852 0.597299 0.802019
0.671865 0.448045 0.463887 0.885894
0.687247 0.437931 0.274934 0.961463
0.708385 0.429413 -0.0240533 0.999711
0.722385 0.426952 -0.395968 0.918264
0.742273 0.431443 -0.690239 0.723582
0.755668 0.440454 -0.880948 0.473213
0.764197 0.451925 -0.988994 0.147957
0.767517 0.461118 -0.97344 -0.228944
0.766531 0.480996 -0.876349 -0.481676
0.759356 0.497394 -0.829441 -0.558594
0.750155 0.511058 -0.791439 0.611248
0.740953 0.524721 0.330813 0.943696
0.753064 0.520475 0.365254 0.930908
0.765175 0.51623 0.399202 0.916863
0.776814 0.511162 0.448652 0.893707
0.788454 0.506094 0.496763 0.867886
0.800819 0.499017 0.534721 0.845028
0.813184 0.491939 0.604585 0.796541
0.830721 0.479722 0.636534 0.771249
0.840486 0.471662 0.676654 0.736302
0.850252 0.463602 0.714857 0.699271
0.857686 0.456002 0.766956 0.6417
0.86512 0.448402 0.831842 0.555013
0.877226 0.431411 0.880922 0.473262
0.884259 0.420136 0.935882 0.352314
0.891433 0.404423 0.982383 0.186877
0.897971 0.382655 0.999482 0.0321782
0.9 0.358605 0.994612 -0.103671
0.899637 0.340273 0.957108 -0.289731
0.896582 0.324205 0.893034 -0.449989
0.889042 0.306371 0.820908 -0.57106
0.879922 0.29093 0.721534 -0.692379
0.861373 0.268088 0.66185 -0.749637
0.849158 0.257304 0.618977 -0.785409
0.836944 0.24652 0.574173 -0.818734
0.824955 0.238112 0.547977 -0.836493
0.812966 0.229704 0.521232 -0.853415
0.799686 0.221594 0.482676 -0.875799
0.786406 0.213483 0.44316 -0.896442
0.772701 0.206708 0.415444 -0.909619
0.758996 0.199932 0.387337 -0.921938
0.74341 0.193384 0.36432 -0.931274
0.727824 0.186836 0.340122 -0.940381
0.69477 0.174843 -0.839567 -0.543255
0.673118 0.167036 -0.744484 0.66764
0.682428 0.176673 -0.82676 0.562555
0.689803 0.185538 -0.905921 0.423447
0.69485 0.194753 -0.976231 0.216735
0.698663 0.204485 -0.992505 -0.122207
0.700212 0.228834 -0.942589 -0.333955
0.696885 0.239273 -0.894724 -0.44662
0.691611 0.252772 -0.779781 -0.626053
0.682218 0.267971 -0.585065 -0.810986
0.668849 0.28097 -0.303238 -0.952915
0.650799 0.290334 -0.0576953 -0.998334
0.632845 0.292821 0.121656 -0.992572
0.606265 0.292232 0.347249 -0.937773
0.587334 0.287963 0.762931 -0.64648
0.575511 0.281695 0.970282 -0.241976
0.568434 0.260527 0.986229 -0.165388
0.565325 0.241987 0.989434 -0.144985
0.562215 0.223447 0.992217 -0.124521
0.560146 0.206959 0.995037 -0.0995017
0.558077 0.190471 0.997227 -0.0744193
0.556602 0.170709 0.36539 -0.930855
0.555128 0.150946 -0.803118 -0.59582
0.54716 0.158342 -0.898709 -0.438545
0.541776 0.169376 -0.918503 -0.395414
0.536392 0.180409 -0.936228 -0.351392
0.532863 0.189812 -0.553384 -0.832926
0.529334 0.199214 0.015636 -0.999878
