46
0.48476 0.199993 -0.186717 -0.982414
0.460748 0.152977 -0.988676 -0.150068
0.454641 0.216029 -0.704024 -0.710176
0.440639 0.283466 0.165576 -0.986197
0.383727 0.294767 0.754456 -0.656351
0.328527 0.262521 0.999837 0.0180383
0.314755 0.229002 0.732124 -0.681171
0.341651 0.169722 -0.408539 -0.912741
0.279982 0.192502 -0.577856 -0.816139
0.184328 0.243259 -0.796524 -0.604607
0.146108 0.278464 -0.990284 -0.139058
0.117491 0.334509 -0.874347 0.485301
0.136129 0.429839 -0.551844 0.833947
0.20726 0.496165 0.730412 0.683007
0.274519 0.526096 0.987951 -0.154769
0.247487 0.474891 0.808535 0.588448
0.251473 0.452338 0.0785276 0.996912
0.296604 0.428412 -0.488967 0.872303
0.328741 0.439429 0.17486 0.984593
0.368467 0.47232 0.508362 0.861144
0.38419 0.445345 -0.383568 0.923513
0.44056 0.444021 -0.800561 0.599251
0.470982 0.476028 0.0253271 0.999679
0.507562 0.539163 0.860263 0.509851
0.517964 0.518909 0.579749 0.814795
0.561227 0.455064 -0.342269 0.939602
0.623552 0.438378 -0.113448 0.993544
0.647048 0.471956 0.463748 0.885967
0.672411 0.449127 -0.427737 0.903903
0.742651 0.432564 -0.999314 -0.037019
0.766851 0.481998 -0.771673 0.63602
0.741334 0.525619 0.4221 0.906549
0.765498 0.517148 0.630863 0.775894
0.840629 0.472687 0.867076 0.498175
0.877281 0.432532 0.998746 -0.0500696
0.9 0.359901 0.782389 -0.622791
0.861465 0.2696 0.487572 -0.873083
0.786678 0.215126 -0.715579 -0.698531
0.673661 0.16879 -0.999961 -0.00887232
0.70069 0.23044 -0.770241 -0.637752
0.68274 0.269483 -0.2495 -0.968375
0.651395 0.291793 0.667107 -0.744962
0.576288 0.283174 0.987078 -0.160239
0.563024 0.225065 0.195397 -0.980724
0.555953 0.152739 -0.505644 -0.862742
0.530221 0.200891 0.530493 -0.84769
