100
0.8713259400116131 0.5300835495550607 0.9706089965035889 0.24066195359112394
0.15373002938865307 0.420267888740963 -0.770158753967328 -0.6378522506721228
0.6703922796853211 0.37500000000000033 0.0 -1.0
0.5572612538827804 0.37499999999999994 0.0 -1.0
0.7600306949818384 0.3754030996872595 0.08024303532312492 -0.9967753283875619
0.6211479295017863 0.3749999999999999 0.0 -1.0
0.16602622467679418 0.40740669555041886 -0.6717865821655785 -0.7407447522745539
0.26526435647016067 0.6250000000000001 0.0 1.0
0.5202517830161393 0.6250000000000001 0.0 1.0
0.4606874231684387 0.37499999999999994 0.0 -1.0
0.5526567017689864 0.3750000000000002 0.0 -1.0
0.2171348275214371 0.6206022553850659 -0.2629144327782392 0.9648191545760775
0.47705956440762565 0.3750000000000001 0.0 -1.0
0.2459037336221306 0.624932866367242 -0.03276908528368411 0.9994629493131152
0.14142595375305772 0.5619415698392826 -0.8685935752172393 0.4955251770509083
0.36771784681173736 0.37500000000000006 0.0 -1.0
0.24389016223355925 0.3751494053927167 -0.0488771475732715 -0.9988047979686024
0.2663759689911024 0.6249999999999998 0.0 1.0
0.1864282324353248 0.3923723217541616 -0.5085669049712996 -0.8610224754139192
0.12500130822951697 0.5005718967683213 -0.999989534505754 0.004575027755708983
0.20495852535899045 0.6166032585966053 -0.36032374270521145 0.9328273154463846
0.21936807134104802 0.6211887241387899 -0.24504877215269866 0.969510752527508
0.15746458055045637 0.4159623894338947 -0.7402814500626355 -0.6722970881189072
0.6524867570793197 0.625 0.0 1.0
0.8166136413379612 0.605771949076558 0.5329024503218033 0.846176682756632
0.1430933437357455 0.564776890066104 -0.8552544999104007 0.5182082017712673
0.39614684742452244 0.6250000000000001 0.0 1.0
0.3233962865159854 0.37500000000000017 0.0 -1.0
0.31663830087534606 0.6249999999999998 0.0 1.0
0.17161802673687465 0.5973723550016463 -0.6270509931298175 0.7789782102311397
0.7636034068144185 0.3757423964826934 0.10882387856015843 -0.9940610461410928
0.2604319284779617 0.3750000000000002 0.0 -1.0
0.5414338556598856 0.3750000000000003 0.0 -1.0
0.3264482992126929 0.625 0.0 1.0
0.8536529462041157 0.5698653989803321 0.829223834390128 0.558916659690274
0.18302106889770287 0.3944589042819436 -0.5358245282526409 -0.8443293640060346
0.5082889166497878 0.6249999999999997 0.0 1.0
0.6902420390681251 0.3750000000000002 0.0 -1.0
0.7218476660394131 0.37499999999999994 0.0 -1.0
0.43126251445054553 0.6249999999999998 0.0 1.0
0.4510534065207792 0.375 0.0 -1.0
0.36460542988439115 0.6250000000000001 0.0 1.0
0.5531952662061211 0.3750000000000001 0.0 -1.0
0.8664396887574407 0.5454626436241587 0.9315188274357874 0.36369310432376317
0.25094509271420595 0.6249999999999998 -6.029619775584105e-06 0.9999999999818219
0.7379462125080396 0.6249999999999999 0.0 1.0
0.8749928311080306 0.5013387273464236 0.9999426519155208 0.010709476184939773
0.7310790188952423 0.6249999999999998 0.0 1.0
0.31733826631844186 0.6250000000000001 0.0 1.0
0.4125919266404431 0.6249999999999998 0.0 1.0
0.7730198529257267 0.6228621214741936 0.18415343101877044 0.9828975093284218
0.775108022818333 0.6224524594558072 0.20085839886650397 0.9796202854191947
0.8135709248825878 0.6076277558713615 0.5085616350799291 0.8610255880778626
0.4783314054491158 0.3750000000000002 0.0 -1.0
0.8697454457737775 0.46413844934047244 0.9579649810641602 -0.28688516004621656
0.8746834092275453 0.49110899462422974 0.9974673534419553 -0.07112579572490912
0.22064282668305868 0.621503600428528 -0.23485130565778542 0.9720313082564952
0.43529962304659375 0.6249999999999999 0.0 1.0
0.8412346253868943 0.5854479293309335 0.7298752532320946 0.6835803644922707
0.2093893732645204 0.6182193758132574 -0.3248772226581502 0.9457562001900526
0.8273896712514129 0.40183709981895765 0.6191122166908983 -0.7853025296941823
0.37725469282091073 0.3750000000000001 0.0 -1.0
0.14100675770277332 0.4387989850710141 -0.8719468783385597 -0.48960049158026886
0.1785973691086078 0.3974000187791815 -0.5712150901197967 -0.8208004147290817
0.8004742234910723 0.6143564013769637 0.40378606386815574 0.9148534388774311
0.5170819813114489 0.37499999999999994 0.0 -1.0
0.2517224164701559 0.3750000000000002 0.0 -1.0
0.1982267694584403 0.38622572157273677 -0.41417791821259864 -0.9101959415780088
0.23075289057679887 0.6235093458714305 -0.15397224527598535 0.9880751730939664
0.7820694200053717 0.3791836989435291 0.2565484846349468 -0.9665313626735101
0.8223805400115244 0.398087918034454 0.5790399845597962 -0.8152991452718388
0.36244568210509387 0.37500000000000033 0.0 -1.0
0.18249607794616066 0.39479395394381256 -0.540024691985297 -0.8416491739710704
0.5944394906417109 0.625 0.0 1.0
0.4913756275138418 0.3750000000000002 0.0 -1.0
0.21926973111115977 0.6211619250382878 -0.2458391028223706 0.969310649649271
0.7996609167360422 0.6147119978654385 0.3972793831145345 0.9176977126222637
0.2139977975667968 0.6197032940748959 -0.28801022724372394 0.9576273330492497
0.23896400701347634 0.6245118891348694 -0.0882851741433087 0.9960952404396307
0.4386605879434188 0.375 0.0 -1.0
0.4272872820990049 0.6249999999999999 0.0 1.0
0.34625769411306784 0.6249999999999998 0.0 1.0
0.3754367068515564 0.6249999999999998 0.0 1.0
0.8120828205348228 0.3915066346574672 0.4966551168857749 -0.8679479793577363
0.2702649399652083 0.625 0.0 1.0
0.7596794853304896 0.37537532228509907 0.0774334424401645 -0.9969975235635572
0.8363138153365319 0.5904158905451651 0.6905076003567311 0.7233251370231709
0.3256450624735654 0.375 0.0 -1.0
0.8743218610699683 0.48699694073447425 0.9945750762102252 -0.10402123716542078
0.36690309752360284 0.3750000000000003 0.0 -1.0
0.18490690537815457 0.6067144574462164 -0.5207377593204943 0.8537166895509722
0.7827009648761624 0.3793530978030623 0.26160075288536133 -0.9651761736024218
0.6691936094972267 0.375 0.0 -1.0
0.2446897882783407 0.6248871585112097 -0.042480340810445306 0.9990973028912792
0.7828059909197258 0.3793816075897245 0.2624409362213469 -0.9649480581851351
0.3484105114269561 0.6249999999999999 0.0 1.0
0.22229141128357655 0.621890327461254 -0.2216625016186026 0.9751234462242117
0.24696288065633484 0.3750369007502236 -0.024296178452060467 -0.9997048042860581
0.3367824299640336 0.375 0.0 -1.0
0.6816887165720015 0.6250000000000001 0.0 1.0
