1000
0.694152983075 0.375 0.0 -1.0
0.298211089945 0.625 0.0 1.0
0.703657478437 0.375 0.0 -1.0
0.700097165855 0.625 0.0 1.0
0.246041761759 0.62493731527 -0.0316648953124 0.999498541472
0.618995146933 0.375 0.0 -1.0
0.594646648034 0.375 0.0 -1.0
0.520159500254 0.375 0.0 -1.0
0.672620674236 0.375 0.0 -1.0
0.594383737384 0.625 0.0 1.0
0.753068607558 0.624962329926 0.0245480761589 0.999698650573
0.338685775882 0.375 0.0 -1.0
0.767521227656 0.376234027431 0.14016555484 -0.990128081228
0.590182977382 0.625 0.0 1.0
0.420127317349 0.375 0.0 -1.0
0.55493113916 0.375 0.0 -1.0
0.574885315194 0.375 0.0 -1.0
0.326100798221 0.375 0.0 -1.0
0.709516596344 0.625 0.0 1.0
0.683376345683 0.625 0.0 1.0
0.405279869527 0.375 0.0 -1.0
0.41159603891 0.375 0.0 -1.0
0.439702049268 0.375 0.0 -1.0
0.314864046334 0.375 0.0 -1.0
0.463218375869 0.375 0.0 -1.0
0.778311144364 0.378248209637 0.2264828445 -0.974015154475
0.519110729271 0.375 0.0 -1.0
0.549323691589 0.375 0.0 -1.0
0.234050739178 0.623978340905 -0.12759016861 0.99182697527
0.638894057856 0.375 0.0 -1.0
0.547556404043 0.625 0.0 1.0
0.760001707843 0.624599227452 0.0800111471942 0.996793968844
0.394995725437 0.375 0.0 -1.0
0.662615658163 0.625 0.0 1.0
0.420984665053 0.625 0.0 1.0
0.301554563174 0.375 0.0 -1.0
0.636206937665 0.375 0.0 -1.0
0.469376336936 0.375 0.0 -1.0
0.224336816618 0.377662681862 -0.205299584141 -0.978699177864
0.515039627976 0.625 0.0 1.0
0.558613624829 0.375 0.0 -1.0
0.373794887959 0.625 0.0 1.0
0.306667006369 0.625 0.0 1.0
0.461546057804 0.625 0.0 1.0
0.642964397261 0.625 0.0 1.0
0.501042228309 0.375 0.0 -1.0
0.236507088324 0.624269653237 -0.107939940599 0.994157416722
0.673069940893 0.625 0.0 1.0
0.330057712437 0.625 0.0 1.0
0.407830181024 0.625 0.0 1.0
0.451417437659 0.375 0.0 -1.0
0.283798526161 0.625 0.0 1.0
0.518306788144 0.625 0.0 1.0
0.327315413569 0.375 0.0 -1.0
0.591755712074 0.375 0.0 -1.0
0.573413596025 0.375 0.0 -1.0
0.408262197855 0.375 0.0 -1.0
0.561747816036 0.625 0.0 1.0
0.609886474811 0.625 0.0 1.0
0.474677118778 0.375 0.0 -1.0
0.68805129001 0.625 0.0 1.0
0.328807167241 0.625 0.0 1.0
0.462209703841 0.625 0.0 1.0
0.594898013187 0.625 0.0 1.0
0.513203577985 0.375 0.0 -1.0
0.524055196898 0.375 0.0 -1.0
0.765439049877 0.375957095919 0.123508600888 -0.992343501771
0.216939050719 0.620548738808 -0.264480614436 0.964391001922
0.714179360096 0.375 0.0 -1.0
0.538165521579 0.625 0.0 1.0
0.78682737593 0.380548006908 0.294611569792 -0.955617090128
0.379554245155 0.625 0.0 1.0
0.505487013419 0.375 0.0 -1.0
0.601991498131 0.375 0.0 -1.0
0.758944284114 0.375320401461 0.0715520125831 -0.99743686993
0.2949281969 0.625 0.0 1.0
0.306869711604 0.625955005007 0.0 1.0
0.642950713326 0.375 0.0 -1.0
0.246769419531 0.624958247681 -0.0258438181622 0.999665992751
0.302486727121 0.375 0.0 -1.0
0.765770235179 0.375998760269 0.126158003789 -0.992010160271
0.774394302373 0.377403360784 0.195148757704 -0.980773655013
0.747676456937 0.375 0.0 -1.0
0.754729493489 0.624910497926 0.0378347416887 0.99928400984
0.228460349722 0.623130243003 -0.172312096576 0.985042405876
0.534108700495 0.625 0.0 1.0
0.309245124468 0.375 0.0 -1.0
0.398665320354 0.625 0.0 1.0
0.468422705984 0.625 0.0 1.0
0.338094345 0.625 0.0 1.0
0.332553732119 0.375 0.0 -1.0
0.604624102349 0.375 0.0 -1.0
0.686616664849 0.375 0.0 -1.0
0.50472715181 0.625 0.0 1.0
0.28221255719 0.375 0.0 -1.0
0.749649783018 0.375 0.000844429936169 -0.999999643469
0.77105859163 0.376786599788 0.168463758781 -0.985707848187
0.566248646966 0.375 0.0 -1.0
0.772497493008 0.622958797154 0.179974715327 0.983671236665
0.265111546443 0.375 0.0 -1.0
0.755023314934 0.624899026998 0.0401852389663 0.999192247052
0.413209063496 0.625 0.0 1.0
0.232593816405 0.37621779532 -0.139245226851 -0.99025792943
0.785205958214 0.380060131919 0.281640401245 -0.959520028132
0.483463382985 0.625 0.0 1.0
0.217350011938 0.379339293006 -0.261192945885 -0.965286612888
0.547578544834 0.375 0.0 -1.0
0.217094122459 0.620591166388 -0.263240046518 0.964730365392
0.274032654352 0.625 0.0 1.0
0.657602457536 0.375 0.0 -1.0
0.641445291801 0.625 0.0 1.0
0.233222665283 0.623869000591 -0.134214576754 0.990952293194
0.577050610452 0.625 0.0 1.0
0.518267665667 0.375 0.0 -1.0
0.503516340061 0.375 0.0 -1.0
0.570044021891 0.625 0.0 1.0
0.23003903908 0.623395997559 -0.159682899638 0.987168360293
0.48302445292 0.375 0.0 -1.0
0.615191933617 0.625 0.0 1.0
0.330840871909 0.625 0.0 1.0
0.759505801722 0.624638046388 0.0760440154703 0.997104461785
0.424611043407 0.375 0.0 -1.0
0.24410159267 0.375139238831 -0.0471857574512 -0.998886131796
0.282725252431 0.625 0.0 1.0
0.30969984272 0.375 0.0 -1.0
0.232947602103 0.376168564419 -0.136415020627 -0.990651776432
0.223292096272 0.377886506524 -0.213657181733 -0.976908700286
0.741711494018 0.375 0.0 -1.0
0.467400240938 0.375 0.0 -1.0
0.599228148017 0.625 0.0 1.0
0.690984079504 0.625 0.0 1.0
0.367477898304 0.625 0.0 1.0
0.539293099137 0.625 0.0 1.0
0.654070174609 0.375 0.0 -1.0
0.748453284899 0.375 0.0 -1.0
0.751516546779 0.624990800298 0.0121319861557 0.999926404748
0.653576507668 0.375 0.0 -1.0
0.225973263137 0.622669201492 -0.192208304225 0.981354150033
0.647404248849 0.375 0.0 -1.0
0.240182073924 0.375386153014 -0.0785409352948 -0.996910889439
0.607264897601 0.625 0.0 1.0
0.352824240405 0.375 0.0 -1.0
0.594206340266 0.625 0.0 1.0
0.317757038782 0.625 0.0 1.0
0.694886051382 0.375 0.0 -1.0
0.707638542008 0.375 0.0 -1.0
0.780068504395 0.621329738158 0.24054146619 0.970638863349
0.326962521967 0.625 0.0 1.0
0.710632447917 0.625 0.0 1.0
0.76594707454 0.623978614612 0.127572686454 0.991829224046
0.329600674806 0.625 0.0 1.0
0.252426615324 0.375 0.0 -1.0
0.750546911199 0.375001196417 0.00478572209956 -0.999988548366
0.784117359737 0.379745946903 0.272931723855 -0.962033405924
0.712618108037 0.625 0.0 1.0
0.661396827109 0.625 0.0 1.0
0.294238856427 0.375 0.0 -1.0
0.455303142305 0.375 0.0 -1.0
0.787328607386 0.619296289093 0.298621425797 0.954371648811
0.228150974453 0.376924278119 -0.174787039466 -0.98460626183
0.622598706037 0.625 0.0 1.0
0.561153531609 0.375 0.0 -1.0
0.314428201419 0.375 0.0 -1.0
0.664198478185 0.625 0.0 1.0
0.243249043712 0.624817570837 -0.054005934811 0.9985406146
0.213476547769 0.380454720733 -0.292180186648 -0.956363287946
0.564363119572 0.375 0.0 -1.0
0.785242939666 0.619929027961 0.281936203301 0.959433154143
0.243991214289 0.624855497984 -0.048068756803 0.998844029175
0.511547645846 0.375 0.0 -1.0
0.557969025505 0.375 0.0 -1.0
0.4606138983 0.625 0.0 1.0
0.580933484804 0.375 0.0 -1.0
0.309201818105 0.625 0.0 1.0
0.489951486138 0.625 0.0 1.0
0.578075010552 0.625 0.0 1.0
0.368610178714 0.375 0.0 -1.0
0.39991454108 0.625 0.0 1.0
0.594451803135 0.375 0.0 -1.0
0.739472967116 0.375 0.0 -1.0
0.286038494799 0.375 0.0 -1.0
0.465541035116 0.625 0.0 1.0
0.737275353363 0.625 0.0 1.0
0.700346344459 0.625 0.0 1.0
0.247231546768 0.624969339441 -0.0221469181144 0.99975472693
0.468720696354 0.375 0.0 -1.0
0.703476086526 0.375 0.0 -1.0
0.594154913241 0.625 0.0 1.0
0.420564418727 0.625 0.0 1.0
0.380491307423 0.625 0.0 1.0
0.566776310804 0.625 0.0 1.0
0.671809509421 0.375 0.0 -1.0
0.50167881665 0.625 0.0 1.0
0.765014367204 0.375904972893 0.120111232086 -0.992760440351
0.781928023545 0.379146266297 0.255417352073 -0.966830893311
0.37468035961 0.375 0.0 -1.0
0.31869078505 0.375 0.0 -1.0
0.597709194092 0.625 0.0 1.0
0.699224892701 0.625 0.0 1.0
0.713209763836 0.375 0.0 -1.0
0.702737945239 0.375 0.0 -1.0
0.321458237511 0.625 0.0 1.0
0.714510617872 0.625 0.0 1.0
0.335678168403 0.375 0.0 -1.0
0.304745740994 0.375 0.0 -1.0
0.23268451815 0.623794920671 -0.138519637378 0.990359687215
0.622156326299 0.375 0.0 -1.0
0.679587843896 0.625 0.0 1.0
0.751013432089 0.375004108117 0.00810719733117 -0.999967136136
0.347067317767 0.625 0.0 1.0
0.302877179936 0.375 0.0 -1.0
0.646729353255 0.625 0.0 1.0
0.238461919259 0.624466364981 -0.0923017575818 0.995731080939
0.700710845972 0.375 0.0 -1.0
0.453490868897 0.625 0.0 1.0
0.710725833621 0.375 0.0 -1.0
0.747429654367 0.625 0.0 1.0
0.355766485248 0.625 0.0 1.0
0.538131739096 0.375 0.0 -1.0
0.59205531699 0.625 0.0 1.0
0.710566944867 0.375 0.0 -1.0
0.467238974752 0.625 0.0 1.0
0.387655492979 0.625 0.0 1.0
0.420483314463 0.375 0.0 -1.0
0.268192078928 0.375 0.0 -1.0
0.557809624064 0.625 0.0 1.0
0.760165563334 0.624585971821 0.081321947874 0.996687885345
0.567287639524 0.375 0.0 -1.0
0.454169947296 0.375 0.0 -1.0
0.306348979786 0.375 0.0 -1.0
0.364009849973 0.625 0.0 1.0
0.575756775287 0.375 0.0 -1.0
0.725087997281 0.375 0.0 -1.0
0.475993598143 0.375 0.0 -1.0
0.230059138513 0.623399239453 -0.159522118033 0.987194354653
0.661319998798 0.375 0.0 -1.0
0.475581279279 0.375 0.0 -1.0
0.412949011868 0.625 0.0 1.0
0.506731881984 0.375 0.0 -1.0
0.23450718898 0.37596379455 -0.12393867352 -0.992289879625
0.746037182271 0.375 0.0 -1.0
0.386487753596 0.375 0.0 -1.0
0.644238742225 0.625 0.0 1.0
0.673794486234 0.375 0.0 -1.0
0.245259448431 0.375089920881 -0.0379232034146 -0.999280656594
0.722868939113 0.375 0.0 -1.0
0.343584478834 0.625 0.0 1.0
0.749839863615 0.624999999654 0.00141072446106 0.999999004928
0.516547663403 0.625 0.0 1.0
0.650708540172 0.375 0.0 -1.0
0.435442360669 0.625 0.0 1.0
0.5737347175 0.625 0.0 1.0
0.490019658512 0.375 0.0 -1.0
0.521254621852 0.375 0.0 -1.0
0.317976875382 0.625 0.0 1.0
0.266975666642 0.625 0.0 1.0
0.454324802393 0.375 0.0 -1.0
0.230787837324 0.376485214537 -0.153692680032 -0.988118697376
0.454291195283 0.625 0.0 1.0
0.219983587134 0.378657357618 -0.240124728904 -0.970742043268
0.489613510496 0.625 0.0 1.0
0.654038433966 0.625 0.0 1.0
0.76618768403 0.376052577086 0.129497514814 -0.991579746494
0.344709877404 0.375 0.0 -1.0
0.427577833391 0.625 0.0 1.0
0.757598877291 0.375231179058 0.0607890914817 -0.998150633099
0.262904020249 0.625 0.0 1.0
0.386937590876 0.375 0.0 -1.0
0.389021928803 0.375 0.0 -1.0
0.363660942273 0.625 0.0 1.0
0.576204669468 0.625 0.0 1.0
0.481053207727 0.625 0.0 1.0
0.616563183045 0.375 0.0 -1.0
0.767220804379 0.37619187495 0.137762239572 -0.990465327686
0.652013424847 0.375 0.0 -1.0
0.225404377488 0.622556399352 -0.196759297675 0.980451823793
0.529764166993 0.375 0.0 -1.0
0.449882928471 0.375 0.0 -1.0
0.620232242717 0.375 0.0 -1.0
0.558465155742 0.625 0.0 1.0
0.771891523247 0.623068164922 0.175127019813 0.98454584806
0.581203561568 0.625 0.0 1.0
0.784619096146 0.379889445848 0.276945602432 -0.960885598442
0.727750539079 0.625 0.0 1.0
0.625826841858 0.375 0.0 -1.0
0.712355552962 0.375 0.0 -1.0
0.699364705823 0.375 0.0 -1.0
0.389292447626 0.625 0.0 1.0
0.600535922679 0.625 0.0 1.0
0.678670919394 0.625 0.0 1.0
0.29827164479 0.375 0.0 -1.0
0.572097895997 0.375 0.0 -1.0
0.729319903549 0.375 0.0 -1.0
0.76957193328 0.376541705541 0.156570763196 -0.987666743447
0.356377892776 0.375 0.0 -1.0
0.235204630393 0.375878680219 -0.118359308236 -0.992970832479
0.230388129828 0.62345195003 -0.156890258354 0.987616042212
0.597181390862 0.625 0.0 1.0
0.764332766592 0.37582440854 0.114658586211 -0.993404957008
0.404884166806 0.625 0.0 1.0
0.673409821718 0.375 0.0 -1.0
0.328560890347 0.375 0.0 -1.0
0.745027927433 0.625 0.0 1.0
0.264038661529 0.375 0.0 -1.0
0.707326731985 0.375 0.0 -1.0
0.711047123137 0.625 0.0 1.0
0.314201711715 0.375 0.0 -1.0
0.500956532494 0.625 0.0 1.0
0.473184625386 0.625930805773 0.0 1.0
0.75253226672 0.375025651343 0.0202574861997 -0.999794796072
0.221745345882 0.621764926015 -0.226030906869 0.974120130754
0.378888593602 0.375 0.0 -1.0
0.476031372451 0.625 0.0 1.0
0.401908911315 0.375 0.0 -1.0
0.734606149731 0.625 0.0 1.0
0.46429087526 0.625 0.0 1.0
0.298678717651 0.625 0.0 1.0
0.446376609253 0.625 0.0 1.0
0.524247216665 0.625 0.0 1.0
0.247740546371 0.375020421565 -0.0180750511143 -0.999836632919
0.72984446852 0.625 0.0 1.0
0.482445311955 0.625 0.0 1.0
0.578934658951 0.375 0.0 -1.0
0.214735620778 0.380077277847 -0.282107724984 -0.959382734629
0.740275321787 0.625 0.0 1.0
0.75788962706 0.624750773655 0.0631150173837 0.99800625979
0.24536867573 0.375085828639 -0.0370494142248 -0.999313434767
0.218090497087 0.379141349752 -0.255269139639 -0.966870035914
0.534488975475 0.625 0.0 1.0
0.421266111323 0.625 0.0 1.0
0.329057943532 0.375 0.0 -1.0
0.462067927101 0.625 0.0 1.0
0.350836090297 0.375 0.0 -1.0
0.687744407297 0.375 0.0 -1.0
0.269698077982 0.375 0.0 -1.0
0.271170753845 0.375 0.0 -1.0
0.713302177325 0.375 0.0 -1.0
0.3879587198 0.625 0.0 1.0
0.213761724605 0.619632004747 -0.289898863938 0.957057286001
0.35205137506 0.375 0.0 -1.0
0.759301076229 0.375346622289 0.0744063287601 -0.997228007148
0.770704395792 0.376726569367 0.165630237766 -0.986187925467
0.664547379024 0.625 0.0 1.0
0.671767338965 0.625 0.0 1.0
0.486706914589 0.375 0.0 -1.0
0.555308723764 0.375 0.0 -1.0
0.235731672261 0.62418301047 -0.114143091691 0.993464319751
0.397701017069 0.625 0.0 1.0
0.220033206998 0.621354846157 -0.239727888296 0.9708401205
0.353653259269 0.375 0.0 -1.0
0.321502276556 0.375 0.0 -1.0
0.466933634252 0.375 0.0 -1.0
0.235566447976 0.375836313231 -0.115465057991 -0.993311542459
0.54295690192 0.625 0.0 1.0
0.393065662926 0.625 0.0 1.0
0.287109320117 0.375 0.0 -1.0
0.575979227956 0.375 0.0 -1.0
0.377266840355 0.625 0.0 1.0
0.52006029848 0.375 0.0 -1.0
0.504681554076 0.625 0.0 1.0
0.472532319213 0.375 0.0 -1.0
0.213892322488 0.619671488552 -0.288854088875 0.957373132765
0.756687353306 0.375179006234 0.0534971272183 -0.998568003383
0.307545523537 0.375 0.0 -1.0
0.283544036048 0.375 0.0 -1.0
0.508853263694 0.375 0.0 -1.0
0.369606870946 0.375 0.0 -1.0
0.679441829236 0.375 0.0 -1.0
0.231566070579 0.376366699797 -0.1474670073 -0.989066975365
0.388292420178 0.375 0.0 -1.0
0.510124404589 0.375 0.0 -1.0
0.449732975122 0.625 0.0 1.0
0.327698724556 0.625 0.0 1.0
0.288503242304 0.625 0.0 1.0
0.383071915472 0.625 0.0 1.0
0.226940130397 0.622854617109 -0.184473557006 0.98283747729
0.421972459944 0.625 0.0 1.0
0.695904203595 0.625 0.0 1.0
0.565155171804 0.375 0.0 -1.0
0.286600886172 0.375 0.0 -1.0
0.423529548152 0.375 0.0 -1.0
0.436667103367 0.375 0.0 -1.0
0.755229999116 0.375109456926 0.0418386602821 -0.999124379898
0.411087267294 0.375 0.0 -1.0
0.370431279063 0.375 0.0 -1.0
0.705561615062 0.625 0.0 1.0
0.528071170628 0.375 0.0 -1.0
0.456509283364 0.625 0.0 1.0
0.217186347449 0.620616298948 -0.262502247379 0.964931381043
0.390957864186 0.625 0.0 1.0
0.786960769357 0.619410809482 0.295678652888 0.955287461566
0.623303861608 0.375 0.0 -1.0
0.781807699127 0.379114515902 0.254454719822 -0.967084688929
0.504442211841 0.625 0.0 1.0
0.311652715653 0.375 0.0 -1.0
0.728836709355 0.375 0.0 -1.0
0.468550509937 0.375 0.0 -1.0
0.510687626691 0.625 0.0 1.0
0.724037381116 0.625 0.0 1.0
0.236500964612 0.62426898865 -0.107988928481 0.994152096676
0.238685459106 0.624486885954 -0.0905134911133 0.995895229392
0.732844165788 0.375 0.0 -1.0
0.218843303059 0.621054874878 -0.249246845314 0.968439987868
0.256872971375 0.625 0.0 1.0
0.45433832152 0.375 0.0 -1.0
0.736682769551 0.625 0.0 1.0
0.68332364125 0.625 0.0 1.0
0.217640232903 0.379261123985 -0.258871189725 -0.965911852671
0.321236005142 0.375 0.0 -1.0
0.282844664214 0.375 0.0 -1.0
0.485776920599 0.625 0.0 1.0
0.248137193724 0.375013880559 -0.0149019736221 -0.999888959426
0.535873119489 0.375 0.0 -1.0
0.665055175627 0.625 0.0 1.0
0.246725618818 0.375042892579 -0.0261942127579 -0.999656872741
0.515251672465 0.625 0.0 1.0
0.217533817325 0.620710283054 -0.259722545205 0.96568328116
0.339575019633 0.625 0.0 1.0
0.403500647132 0.375 0.0 -1.0
0.596884170131 0.375 0.0 -1.0
0.262727908359 0.375 0.0 -1.0
0.315904668811 0.625 0.0 1.0
0.726790276111 0.625 0.0 1.0
0.411821478793 0.375 0.0 -1.0
0.708820986777 0.375 0.0 -1.0
0.425319375829 0.375 0.0 -1.0
0.373922032578 0.625 0.0 1.0
0.32419857156 0.625 0.0 1.0
0.280502425987 0.625 0.0 1.0
0.266481212032 0.375 0.0 -1.0
0.649355396464 0.375 0.0 -1.0
0.777624720201 0.621909358177 0.220991573753 0.975275717082
0.297274149632 0.375 0.0 -1.0
0.775237852336 0.622425760801 0.201897022708 0.979406755246
0.28273343962 0.625 0.0 1.0
0.453447721552 0.375 0.0 -1.0
0.377682786731 0.375 0.0 -1.0
0.241004196506 0.624675890234 -0.0719641559853 0.99740721887
0.748201179986 0.375 0.0 -1.0
0.71524752474 0.375 0.0 -1.0
0.29889106127 0.375 0.0 -1.0
0.336621613863 0.375 0.0 -1.0
0.223602906612 0.622180870891 -0.211171057803 0.977449121104
0.243694162292 0.375159150599 -0.0504450977012 -0.998726835585
0.215279055132 0.62007712414 -0.277768979529 0.960647903246
0.229680377956 0.623337445563 -0.162552114747 0.986699959456
0.458927331988 0.375 0.0 -1.0
0.268040862919 0.375 0.0 -1.0
0.514629235957 0.625 0.0 1.0
0.234858087063 0.375920476392 -0.121131574193 -0.992636460006
0.237457068945 0.624369126484 -0.100340318717 0.994953174999
0.234181952197 0.623995131569 -0.126540512326 0.991961440148
0.436413474764 0.375 0.0 -1.0
0.565269562046 0.375 0.0 -1.0
0.765504219083 0.624034776907 0.124029938507 0.992278476212
0.557093861456 0.375 0.0 -1.0
0.296264110637 0.375 0.0 -1.0
0.395657533811 0.625 0.0 1.0
0.401666689307 0.375 0.0 -1.0
0.647968078133 0.375 0.0 -1.0
0.47045957312 0.375 0.0 -1.0
0.457012586833 0.375 0.0 -1.0
0.225200810871 0.377484635272 -0.198387803399 -0.980123604176
0.244151773138 0.375136877757 -0.0467843260628 -0.99890501392
0.256349434087 0.625 0.0 1.0
0.283680252933 0.375 0.0 -1.0
0.238472628947 0.3755326395 -0.0922160802765 -0.995739019291
0.767763457527 0.623731431415 0.142103350464 0.989851826177
0.651440554216 0.375 0.0 -1.0
0.553689774515 0.375 0.0 -1.0
0.606608056343 0.375 0.0 -1.0
0.564996128802 0.375 0.0 -1.0
0.347871076101 0.375 0.0 -1.0
0.716951786177 0.375 0.0 -1.0
0.540985032018 0.375 0.0 -1.0
0.215006641949 0.379997944325 -0.279939647491 -0.960017600757
0.568618826403 0.625 0.0 1.0
0.288710024207 0.375 0.0 -1.0
0.22087595714 0.62155991092 -0.232985895035 0.972480114303
0.503888318823 0.625 0.0 1.0
0.784938991666 0.379982072813 0.2795046546 -0.960144337096
0.250385321951 0.375 -0.000755653425139 -0.999999714494
0.664501065253 0.375 0.0 -1.0
0.491696347155 0.375 0.0 -1.0
0.731262561208 0.625 0.0 1.0
0.779364329212 0.378497912957 0.234908157696 -0.972017570545
0.764866991831 0.375887236457 0.118932267851 -0.992902369654
0.742714043899 0.625 0.0 1.0
0.498138474891 0.375 0.0 -1.0
0.449433335351 0.625 0.0 1.0
0.460012638177 0.375 0.0 -1.0
0.768393592985 0.623639328792 0.147144299649 0.989115036323
0.520252878251 0.375 0.0 -1.0
0.232205886196 0.376272965789 -0.142348585341 -0.989816589198
0.217507746812 0.379296944636 -0.259931533413 -0.965627049092
0.642147792345 0.375 0.0 -1.0
0.507183947773 0.375 0.0 -1.0
0.241404004282 0.624704094508 -0.0687657912654 0.997632831232
0.32178311449 0.625 0.0 1.0
0.521232656031 0.375 0.0 -1.0
0.617288850098 0.625 0.0 1.0
0.329742379692 0.375 0.0 -1.0
0.582612882661 0.625 0.0 1.0
0.310409262971 0.625 0.0 1.0
0.35507372473 0.625 0.0 1.0
0.403221791681 0.625 0.0 1.0
0.246349199761 0.624946676726 -0.0292054693959 0.999573429297
0.525529711515 0.625 0.0 1.0
0.419895659571 0.375 0.0 -1.0
0.259233513017 0.625 0.0 1.0
0.786511513748 0.380451124757 0.292084793382 -0.956392426504
0.771218458099 0.376814008965 0.169742631967 -0.985488426565
0.688016991921 0.375 0.0 -1.0
0.381711967352 0.375 0.0 -1.0
0.663581585706 0.375 0.0 -1.0
0.415428921031 0.375 0.0 -1.0
0.241817860422 0.375268070146 -0.0654550453138 -0.997855519122
0.783770064517 0.379647951668 0.270153388622 -0.962817296592
0.477481720098 0.375 0.0 -1.0
0.51883023529 0.625 0.0 1.0
0.553504215139 0.375 0.0 -1.0
0.619677875565 0.375 0.0 -1.0
0.400390241304 0.375 0.0 -1.0
0.225284528923 0.62253229839 -0.197718046388 0.980258932187
0.742072272829 0.375 0.0 -1.0
0.543441867939 0.625 0.0 1.0
0.586755357502 0.625 0.0 1.0
0.571560118 0.625 0.0 1.0
0.55713032357 0.375 0.0 -1.0
0.232068374958 0.376293028488 -0.14344888244 -0.989657727766
0.638932894709 0.375 0.0 -1.0
0.226505569052 0.377227739416 -0.187949957917 -0.982178605611
0.647015644609 0.375 0.0 -1.0
0.701414243851 0.625 0.0 1.0
0.245792499354 0.624929169441 -0.0336589312852 0.999433377642
0.688834443328 0.375 0.0 -1.0
0.353150648585 0.375 0.0 -1.0
0.755935630041 0.624858998091 0.0474835294549 0.998872021047
0.461837186463 0.625 0.0 1.0
0.249329174549 0.62499820001 -0.00558313978629 0.999984414154
0.765000956922 0.624096480065 0.12000411375 0.992773394428
0.246428161927 0.37505104127 -0.0285737921858 -0.99959168584
0.405392482477 0.375 0.0 -1.0
0.504515539539 0.375 0.0 -1.0
0.390324227086 0.625 0.0 1.0
0.642759888589 0.375 0.0 -1.0
0.600405746949 0.375 0.0 -1.0
0.235034770198 0.375899043174 -0.119718149246 -0.992807919359
0.701575187896 0.625 0.0 1.0
0.286700718945 0.625 0.0 1.0
0.543350149741 0.375 0.0 -1.0
0.449799508145 0.375 0.0 -1.0
0.412724273721 0.375 0.0 -1.0
0.316566994932 0.625 0.0 1.0
0.387371317581 0.625 0.0 1.0
0.245426712411 0.624916314753 -0.0365851339441 0.999330539899
0.611193554521 0.625 0.0 1.0
0.647107960673 0.375 0.0 -1.0
0.759427186947 0.375355991191 0.0754151214565 -0.997152224816
0.400501336143 0.625 0.0 1.0
0.302248868589 0.375 0.0 -1.0
0.390685678908 0.375 0.0 -1.0
0.707702167381 0.625 0.0 1.0
0.537361239107 0.375 0.0 -1.0
0.664423374064 0.375 0.0 -1.0
0.756172273686 0.37515247643 0.0493766192539 -0.998780230817
0.24995833643 0.375000006167 -0.00217008343143 -0.999997645366
0.245165592426 0.375093518432 -0.038674027807 -0.999251879945
0.777501595963 0.621937195799 0.220006593761 0.975498384777
0.708166060652 0.375 0.0 -1.0
0.67847342858 0.625 0.0 1.0
0.262491504658 0.375 0.0 -1.0
0.236626969924 0.375717389096 -0.106980915756 -0.994261074197
0.636099506832 0.375 0.0 -1.0
0.630033493391 0.625 0.0 1.0
0.377041874979 0.625 0.0 1.0
0.592653866351 0.375 0.0 -1.0
0.771620809888 0.623116016715 0.172961359369 0.984928610695
0.661083962517 0.625 0.0 1.0
0.317957493226 0.375 0.0 -1.0
0.701702603906 0.625 0.0 1.0
0.748875097035 0.625 0.0 1.0
0.489378964258 0.375 0.0 -1.0
0.681453327537 0.625 0.0 1.0
0.543166000947 0.375 0.0 -1.0
0.34256885059 0.375 0.0 -1.0
0.739067799464 0.375 0.0 -1.0
0.282784887935 0.375 0.0 -1.0
0.400729672936 0.375 0.0 -1.0
0.310269439223 0.625 0.0 1.0
0.425563225152 0.625 0.0 1.0
0.449328401127 0.375 0.0 -1.0
0.364331784441 0.625 0.0 1.0
0.212963133344 0.619387226384 -0.296287430356 0.955098821386
0.241007122146 0.624676100738 -0.0719407519015 0.997408907227
0.471014729936 0.625 0.0 1.0
0.399246384592 0.375 0.0 -1.0
0.376529079635 0.625 0.0 1.0
0.273956469136 0.625 0.0 1.0
0.764454329262 0.6241615032 0.115631056972 0.993292232258
0.22237615576 0.621909559676 -0.220984561013 0.9752773061
0.456015369412 0.625 0.0 1.0
0.461852881097 0.375 0.0 -1.0
0.634557995109 0.375 0.0 -1.0
0.747721444078 0.375 0.0 -1.0
0.350263550295 0.625 0.0 1.0
0.769021517771 0.376457746465 0.152170008654 -0.988354333459
0.53267730131 0.625 0.0 1.0
0.279159211155 0.375 0.0 -1.0
0.648047340011 0.625 0.0 1.0
0.738325385933 0.375 0.0 -1.0
0.458668434401 0.375 0.0 -1.0
0.50848018867 0.625 0.0 1.0
0.673068106216 0.625 0.0 1.0
0.772330988496 0.622989195096 0.178642640534 0.983914024182
0.238788143802 0.375503826008 -0.0896920396056 -0.995969546739
0.417157000475 0.625 0.0 1.0
0.485102957806 0.375 0.0 -1.0
0.360594115846 0.625 0.0 1.0
0.44517586131 0.375 0.0 -1.0
0.669868386777 0.375 0.0 -1.0
0.750382277107 0.375000584529 0.0038212710236 -0.999992698917
0.395108111826 0.625 0.0 1.0
0.572188785436 0.625 0.0 1.0
0.220119191059 0.37862390089 -0.239039929373 -0.97100973845
0.494983945928 0.625 0.0 1.0
0.488937706568 0.375 0.0 -1.0
0.266709589347 0.375 0.0 -1.0
0.44857290973 0.625 0.0 1.0
0.22378386135 0.377779986451 -0.209723139417 -0.977760811647
0.337843600361 0.375 0.0 -1.0
0.752430044854 0.375023622135 0.0194397373904 -0.99981103045
0.272332011457 0.375 0.0 -1.0
0.263198044335 0.625 0.0 1.0
0.253532829584 0.625 0.0 1.0
0.697128713093 0.375 0.0 -1.0
0.416562615749 0.375 0.0 -1.0
0.755022819824 0.375100952455 0.0401812780062 -0.999192406345
