1000
0.208686207931 0.621401369117 -0.322156675205 0.946686366555
0.246711518307 0.626964559458 -0.0258913001698 0.999664764096
0.795807270566 0.383691180144 0.366438455674 -0.93044229171
0.163373002054 0.408701887467 -0.688305160576 -0.725421261009
0.247118940786 0.372480244167 -0.0225865850009 -0.999744890549
0.71101916793 0.625264269198 0.0 1.0
0.435108491706 0.366802824446 0.0 -1.0
0.727659781176 0.37546934418 0.0 -1.0
0.334666763294 0.620677315115 0.0 1.0
0.732838448609 0.624777165481 0.0 1.0
0.798910021393 0.383684399388 0.387612372299 -0.921822460586
0.809471736124 0.393780531149 0.488526979762 -0.872548789492
0.288633228957 0.379759644396 0.0 -1.0
0.682461182164 0.374112014729 0.0 -1.0
0.762713685054 0.375139665425 0.101296351884 -0.994856295701
0.816091136373 0.613342495159 0.50372165987 0.863866013556
0.639624381172 0.625091998816 0.0 1.0
0.405061124439 0.623820528552 0.0 1.0
0.802661080931 0.385469336365 0.417747788456 -0.908563033168
0.405998170006 0.624310297664 0.0 1.0
0.783362991971 0.379486489722 0.266798159795 -0.963752427717
0.635774882886 0.371325939981 0.0 -1.0
0.275973690386 0.375915783789 0.0 -1.0
0.193955471791 0.390216023841 -0.454671258706 -0.890659332465
0.643757005685 0.624599309717 0.0 1.0
0.213395012355 0.383407503647 -0.299533346826 -0.954085831642
0.303743321265 0.623657867793 0.0 1.0
0.548910458174 0.37600022789 0.0 -1.0
0.206872958341 0.617285256729 -0.345110832407 0.938561939009
0.548931024276 0.629787334412 0.0 1.0
0.823789461843 0.39802909343 0.586237368844 -0.810139338244
0.865477805197 0.45158938124 0.922241768835 -0.386613657047
0.868733440021 0.44937822727 0.919886861582 -0.392183836853
0.142275007535 0.435804786932 -0.859039650054 -0.511909054067
0.38873628332 0.625020059581 0.0 1.0
0.18834965148 0.394077037874 -0.503024205908 -0.864272322981
0.823748923181 0.603484084702 0.580357087592 0.814362112872
0.441572201972 0.624953062317 0.0 1.0
0.689564411023 0.378421116004 0.0 -1.0
0.853765242919 0.429858583571 0.828481793318 -0.560015998111
0.715516144721 0.376622131302 0.0 -1.0
0.119402058428 0.497656468012 -0.999839043392 -0.0179412181524
0.832195004394 0.395095237333 0.616750572912 -0.787158643993
0.198976746406 0.614850867348 -0.405987900622 0.913878451737
0.801658617177 0.386524966476 0.414321125848 -0.910130762405
0.242836814711 0.625700168005 -0.0568922005509 0.998380327088
0.52629246978 0.624133812388 0.0 1.0
0.858031977212 0.438522656261 0.869129741876 -0.494584160468
0.670569477134 0.623013805361 0.0 1.0
0.607634536492 0.374245579943 0.0 -1.0
0.204259196364 0.3816524742 -0.360499208306 -0.932759519282
0.833543494768 0.402113265168 0.649178102948 -0.760636437895
0.205667929047 0.383125796567 -0.354650141599 -0.934999078643
0.234394735512 0.627450161866 -0.121530931357 0.992587644857
0.520436018062 0.374393074128 0.0 -1.0
0.45159462047 0.374918143147 0.0 -1.0
0.147118409208 0.440081920195 -0.864134104913 -0.503261610622
0.288910910155 0.619642649945 0.0 1.0
0.745875944745 0.375188070307 0.0 -1.0
0.332388196377 0.380706324902 0.0 -1.0
0.57102059542 0.374313764857 0.0 -1.0
0.84741227911 0.576369321201 0.786983102141 0.616974551294
0.878309332255 0.523605464743 0.983495650533 0.180931769964
0.578122287661 0.623876006176 0.0 1.0
0.168730031599 0.405087641062 -0.650404293957 -0.759588213706
0.75315506406 0.375101879255 0.0252522378279 -0.999681111397
0.183603254096 0.398039765943 -0.545691227426 -0.837986327043
0.821620872726 0.398279731306 0.575703929738 -0.817658232567
0.179843247576 0.397383713044 -0.564381327061 -0.82551421409
0.637545522679 0.62500379813 0.0 1.0
0.623502170975 0.378115123342 0.0 -1.0
0.520672865198 0.380344508441 0.0 -1.0
0.214310240171 0.382674743268 -0.291020466342 -0.956716827578
0.776594805895 0.621688388215 0.213502975325 0.976942413619
0.258381547667 0.623909009188 0.0 1.0
0.37822946906 0.623908437783 0.0 1.0
0.239143001212 0.633891179906 -0.0808207520029 0.996728652165
0.156818727449 0.583864639279 -0.743289331211 0.668970081624
0.331461302451 0.632849098136 0.0 1.0
0.853273519902 0.429705721481 0.82667533 -0.562679214802
0.375158085559 0.3798994316 0.0 -1.0
0.33798921862 0.377031730794 0.0 -1.0
0.260312076104 0.625047044168 0.0 1.0
0.316043369547 0.625007679335 0.0 1.0
0.682947239806 0.375022933727 0.0 -1.0
0.243667039596 0.37456747666 -0.0504231668611 -0.998727943057
0.594889330538 0.625645685363 0.0 1.0
0.244819935225 0.374070739508 -0.0410986749693 -0.999155092524
0.802308955111 0.391892540297 0.435545873545 -0.900166535724
0.17532259252 0.600244098085 -0.597404378522 0.801940152706
0.554858964416 0.627864370277 0.0 1.0
0.129325103229 0.468016774854 -0.96662794736 -0.25618433087
0.523925347496 0.628590803378 0.0 1.0
0.626655898003 0.63073686636 0.0 1.0
0.812411528198 0.391321612174 0.49799403648 -0.867180453902
0.384591360558 0.374786994185 0.0 -1.0
0.418644546999 0.374881369714 0.0 -1.0
0.831165947423 0.403893324409 0.645221513083 -0.763995549107
0.840354003394 0.589436198404 0.710707317698 0.703487816931
0.497111168219 0.375249837532 0.0 -1.0
0.271982323499 0.376187404903 0.0 -1.0
0.363785809827 0.62594988724 0.0 1.0
0.423213795115 0.624994015043 0.0 1.0
0.351996776523 0.373792514588 0.0 -1.0
0.455292703551 0.37461871656 0.0 -1.0
0.241247542845 0.376639488231 -0.070770046865 -0.997492656849
0.444924229446 0.366805337232 0.0 -1.0
0.211617403447 0.38123787749 -0.307519691891 -0.951541716952
0.357987340411 0.374999464285 0.0 -1.0
0.784760739101 0.38237002658 0.283387074563 -0.959005613107
0.778780564506 0.622775603454 0.228223058429 0.973608871982
0.209269517734 0.618666450097 -0.324636846934 0.945838737636
0.372364711907 0.623652422028 0.0 1.0
0.785563572007 0.37691317683 0.277570198155 -0.960705358107
0.690375941021 0.620677069951 0.0 1.0
0.815388810956 0.60548743756 0.526856179463 0.849954449463
0.88159867452 0.510596459899 0.996774043613 0.0802589931353
0.227008563998 0.377098347144 -0.183876637695 -0.982949328353
0.168532644103 0.587448191717 -0.681642022797 0.731685829272
0.335120477882 0.374471788288 0.0 -1.0
0.795418610345 0.621675025543 0.349701795268 0.936861064612
0.68102488542 0.383423578232 0.0 -1.0
0.842482067036 0.422312957694 0.765698151078 -0.643200078852
0.796684031383 0.617905994575 0.368129240745 0.92977462974
0.765891479688 0.620635199395 0.130599189016 0.991435248429
0.610254799207 0.624898177104 0.0 1.0
0.333064522277 0.375480365234 0.0 -1.0
0.700063742088 0.373034484017 0.0 -1.0
0.135054623372 0.449709285806 -0.916154326474 -0.400825710356
0.616180303146 0.372622217153 0.0 -1.0
0.266417290073 0.379320257137 0.0 -1.0
0.806484481498 0.616370306643 0.436658229182 0.899627473395
0.547111319796 0.382332414013 0.0 -1.0
0.795156361282 0.622018581685 0.347066167408 0.937840645014
0.196549084979 0.612168696049 -0.430170792044 0.902747522662
0.409462948306 0.375042812273 0.0 -1.0
0.711432723005 0.627321226975 0.0 1.0
0.75521306006 0.382185808 0.0442033171059 -0.99902255568
0.595250565791 0.37499999853 0.0 -1.0
0.217684872905 0.388116062855 -0.277476985552 -0.960732284504
0.824595424165 0.40187256629 0.605175406412 -0.796092160163
0.806500606414 0.611518432436 0.451944837664 0.892045886549
0.728978663767 0.625859296921 0.0 1.0
0.8169358666 0.398752860069 0.55148404985 -0.834185436675
0.211874068629 0.38288986988 -0.309556945936 -0.950880905909
0.244457051141 0.624093640703 -0.0446215384727 0.999003963107
0.444710394922 0.632272623394 0.0 1.0
0.455407086086 0.623639626762 0.0 1.0
0.398094934252 0.37353011846 0.0 -1.0
0.233539075888 0.620975156213 -0.134821946707 0.990869841445
0.131762150292 0.545795270853 -0.932502428463 0.361163703755
0.683642187148 0.374833123746 0.0 -1.0
0.752716355686 0.374150084897 0.0215783824448 -0.999767159598
0.505763530561 0.622104239534 0.0 1.0
0.840646121317 0.574538377845 0.772397897025 0.635138952255
0.182265272591 0.612374888365 -0.516225634947 0.856452622054
0.327230983132 0.625154212642 0.0 1.0
0.177693147109 0.397886350114 -0.577887391712 -0.816116512822
0.29556380485 0.374959126239 0.0 -1.0
0.813059651347 0.40132022441 0.538469764418 -0.842644831947
0.563808069762 0.623428155482 0.0 1.0
0.199303754926 0.387489083289 -0.410804202029 -0.911723591663
0.349007223015 0.624756742341 0.0 1.0
0.242677799074 0.623818009238 -0.0590317670907 0.998256104652
0.538957464676 0.62996305346 0.0 1.0
0.36214956731 0.6165452117 0.0 1.0
0.318727352498 0.37558873429 0.0 -1.0
0.190309397242 0.384792460836 -0.460027642565 -0.887904594017
0.124911712277 0.497992493069 -0.999871252382 -0.0160461416248
0.823183015296 0.398867236276 0.586237625614 -0.810139152439
0.514628634144 0.376469830586 0.0 -1.0
0.810773187968 0.611967509703 0.47703005421 0.878886982143
0.787620634585 0.380812239098 0.300996101587 -0.953625370273
0.593793232495 0.617730575232 0.0 1.0
0.795437500113 0.383543766128 0.363473722721 -0.931604450876
0.7687826694 0.623094704573 0.150836704789 0.988558692485
0.561435285874 0.373358249023 0.0 -1.0
0.224108894645 0.624916980079 -0.202947485489 0.979189623175
0.629786804706 0.373503673014 0.0 -1.0
0.722750513697 0.624990973481 0.0 1.0
0.604652718655 0.367812852499 0.0 -1.0
0.423676100101 0.374245384819 0.0 -1.0
0.216336350556 0.378472922831 -0.266946030115 -0.963711480167
0.683927287918 0.625012501332 0.0 1.0
0.804205826846 0.612622027452 0.433681321476 0.901066319092
0.586357985984 0.620204861017 0.0 1.0
0.147493748707 0.433495061092 -0.838910879027 -0.544268809551
0.564098152942 0.382837571513 0.0 -1.0
0.701186896497 0.621256442127 0.0 1.0
0.266193861457 0.624812171104 0.0 1.0
0.469398916672 0.378291585358 0.0 -1.0
0.156672220221 0.414745281586 -0.738319406237 -0.674451224607
0.768663721266 0.377072152666 0.15010188334 -0.988670533908
0.207846037668 0.619489352727 -0.332681349725 0.943039299046
0.481600229722 0.630076045303 0.0 1.0
0.278869360572 0.625970316267 0.0 1.0
0.703544389306 0.624507380837 0.0 1.0
0.773234272653 0.379754010364 0.189708154366 -0.981840524814
0.808448695225 0.618479036554 0.442412172345 0.896811836318
0.738986133575 0.624843036207 0.0 1.0
0.868471267519 0.542711049633 0.94073457483 0.339143715435
0.570019420205 0.627532128888 0.0 1.0
0.390357639915 0.374317316784 0.0 -1.0
0.125936162408 0.483721012163 -0.991501472724 -0.130095463357
0.231904920469 0.376221895894 -0.144647789905 -0.98948320697
0.382401965429 0.375251547848 0.0 -1.0
0.563832400386 0.624979760995 0.0 1.0
0.759501781575 0.624258860299 0.0762426373843 0.997089294018
0.311599572369 0.375954739121 0.0 -1.0
0.472874132906 0.62518821426 0.0 1.0
0.217837320126 0.379129232522 -0.25713699976 -0.966374960021
0.411849872175 0.622350950519 0.0 1.0
0.21159373334 0.383926173526 -0.314121385538 -0.949382828551
0.533118204046 0.625206082682 0.0 1.0
0.296235997327 0.621162798884 0.0 1.0
0.584010542059 0.624852789153 0.0 1.0
0.318993777798 0.377500940827 0.0 -1.0
0.144984814417 0.420847547511 -0.798572627874 -0.601898461545
0.296814862233 0.624930338033 0.0 1.0
0.842002409674 0.416482668046 0.740426510254 -0.672137324446
0.393363326034 0.377449254424 0.0 -1.0
0.323377440532 0.624537262775 0.0 1.0
0.21865173311 0.383155680466 -0.259119804859 -0.965845187766
0.808321483273 0.610047101653 0.468265203185 0.883587969297
0.489348578471 0.628275229841 0.0 1.0
0.759477386428 0.383714113097 0.0812284822377 -0.996695507
0.183290699269 0.399478127407 -0.552941996709 -0.833219747891
0.639144281819 0.375355514613 0.0 -1.0
0.659847317255 0.372274598036 0.0 -1.0
0.731774547248 0.63224785753 0.0 1.0
0.801046391752 0.387167271585 0.412180712669 -0.911102112885
0.183800852956 0.392621775644 -0.524783256457 -0.851235886075
0.402102642046 0.624786213296 0.0 1.0
0.232416181118 0.620210502028 -0.144730419312 0.989471124251
0.263579969762 0.37501258369 0.0 -1.0
0.823354952612 0.402431393862 0.600931873149 -0.799300246362
0.758381990046 0.624742544554 0.0670410191034 0.997750220124
0.636419746885 0.623268437359 0.0 1.0
0.582059650222 0.37563487727 0.0 -1.0
0.19746760436 0.384795003853 -0.414885367782 -0.909873689915
0.487290023085 0.62803388603 0.0 1.0
0.16162824237 0.411484057874 -0.706530151982 -0.707682940547
0.806147458962 0.388187747463 0.448749166271 -0.89365775651
0.295307230885 0.623435562497 0.0 1.0
0.853978111985 0.448394760912 0.895749847183 -0.444558445283
0.369136309732 0.628737109123 0.0 1.0
0.80803639322 0.389931493402 0.466404212219 -0.884571710391
0.817138839086 0.395486039033 0.540474963502 -0.841360097597
0.470758629645 0.375416435097 0.0 -1.0
0.815125070308 0.609798038999 0.510142128466 0.860090116653
0.243438007516 0.623768136997 -0.0529423632515 0.998597569681
0.864328919776 0.451140836261 0.919552344076 -0.39296753874
0.796896313422 0.38412425992 0.375145673648 -0.926965869675
0.753948596966 0.624941743369 0.0315867262801 0.999501014868
0.697323998311 0.618739123309 0.0 1.0
0.815008415943 0.390315295724 0.50985528593 -0.86026018588
0.408621957455 0.373108005873 0.0 -1.0
0.81532600087 0.393476321156 0.522773480028 -0.852471635059
0.844887321069 0.581061940388 0.760326398656 0.649541197698
0.876333304897 0.500007261768 0.999999998348 5.74792234087e-05
0.157865616605 0.413090852339 -0.727434006667 -0.686177648969
0.192989272967 0.388781523135 -0.456155377118 -0.889900147166
0.772416809454 0.623338512318 0.17881561552 0.983882602573
0.663449465066 0.622414935661 0.0 1.0
0.226390880778 0.623607231961 -0.187604324199 0.982244683132
0.222137087319 0.378825478268 -0.224086293912 -0.974569306351
0.202670440691 0.383931214193 -0.377578764065 -0.925977471069
0.590510601113 0.624463215713 0.0 1.0
0.140341039443 0.436826272311 -0.866500241043 -0.499176654374
0.678282913084 0.624707470968 0.0 1.0
0.820830501458 0.397011928949 0.5666667587 -0.823947076325
0.306866206116 0.621799242467 0.0 1.0
0.226248805358 0.623359102366 -0.189059192123 0.981965692819
0.19014448839 0.389339467817 -0.47575059591 -0.879580224022
0.608067932745 0.617235221902 0.0 1.0
0.572270089271 0.62485649098 0.0 1.0
0.867798808039 0.558332334424 0.896149204755 0.443752862321
0.185368195006 0.60273890555 -0.532479274064 0.846443041611
0.706430628179 0.374973928495 0.0 -1.0
0.491191092908 0.379501316543 0.0 -1.0
0.775067365384 0.379899413353 0.204310817753 -0.978906067889
0.8777641381 0.522526084942 0.984811454922 0.173627181787
0.75058604297 0.624708147512 0.00504262639479 0.999987285879
0.306917735453 0.62348291929 0.0 1.0
0.132718201377 0.456747190527 -0.938232329112 -0.346005919904
0.371626071399 0.625041327284 0.0 1.0
0.779211617111 0.628133887624 0.222268744417 0.974985438484
0.654281251375 0.627795976843 0.0 1.0
0.458648563285 0.374638751029 0.0 -1.0
0.438043404987 0.375102243321 0.0 -1.0
0.151253140551 0.577159236786 -0.787975364817 0.615706768228
0.658750719021 0.376139967594 0.0 -1.0
0.272788733729 0.62692829492 0.0 1.0
0.793441799913 0.617253929763 0.347408342828 0.937713945366
0.768687793218 0.623478978513 0.149635398088 0.988741244027
0.568599766221 0.625000192636 0.0 1.0
0.779872795436 0.382256160638 0.245911847672 -0.969292197005
0.758020397011 0.624435295298 0.0643188470899 0.997929399261
0.29226079584 0.622934685858 0.0 1.0
0.140073814727 0.573215819968 -0.832291726973 0.554337876401
0.229545837865 0.376782230249 -0.163754323407 -0.986501151325
0.158771422078 0.403921855031 -0.688567762081 -0.725172005129
0.625834973467 0.370879187576 0.0 -1.0
0.422813781445 0.62497474706 0.0 1.0
0.148592905413 0.426912902303 -0.811256378556 -0.584690591897
0.135172725371 0.450775936544 -0.919112315599 -0.393995623471
0.534725941059 0.629262389501 0.0 1.0
0.82158348061 0.398280641133 0.575506365282 -0.817797299776
0.849053159648 0.573316254433 0.803778993807 0.594928003304
0.227821801325 0.623200366731 -0.177164368662 0.984181277244
0.170642249805 0.399150185104 -0.618390131183 -0.78587126532
0.770857745545 0.380177621743 0.171488077527 -0.985186195227
0.744890883707 0.629680940903 0.0 1.0
0.835477714745 0.407137799084 0.677246467375 -0.735756224865
0.625080156082 0.374911424024 0.0 -1.0
0.172169585043 0.587135885437 -0.666159568746 0.745809244357
0.659372196849 0.373958209269 0.0 -1.0
0.822422702568 0.398152374565 0.57950764765 -0.814966800744
0.662529762316 0.374956484662 0.0 -1.0
0.728152361693 0.626435012796 0.0 1.0
0.19319345462 0.610884890452 -0.455944388669 0.890008266502
0.777181532358 0.623078495538 0.215644851737 0.976471862329
0.637961252995 0.375175555906 0.0 -1.0
0.581322158265 0.6250949757 0.0 1.0
0.249165913411 0.380257889899 -0.00702274871557 -0.999975340196
0.605113989787 0.37499412223 0.0 -1.0
0.236790788214 0.615273585966 -0.113841029244 0.993498978389
0.222156163419 0.625573207761 -0.216470471235 0.97628916571
0.793530638665 0.379195014432 0.338994030255 -0.940788524298
0.489784734553 0.375000019055 0.0 -1.0
0.794603713792 0.618709576607 0.351721930196 0.936104526118
0.806699072818 0.61722465581 0.435414238097 0.900230215702
0.151947762716 0.576954571956 -0.786657540035 0.617389597179
0.351104838109 0.627212403875 0.0 1.0
0.801463601949 0.380849805187 0.396509619028 -0.918030567039
0.12803712412 0.52477849377 -0.979980973761 0.199091162704
0.413423926693 0.375009645344 0.0 -1.0
0.608391987095 0.374884305124 0.0 -1.0
0.173709305222 0.400689898923 -0.609197329018 -0.793018672111
0.850477824422 0.423304794737 0.794897341688 -0.60674394614
0.242510010226 0.631789209033 -0.0567399274229 0.998388992646
0.261939816961 0.384772831543 0.0 -1.0
0.213292633986 0.619481170753 -0.293668917539 0.955907195742
0.212964753055 0.626864340111 -0.280224912962 0.959934371796
0.329737999495 0.374996312801 0.0 -1.0
0.331060732617 0.373220012684 0.0 -1.0
0.271633406936 0.632359402433 0.0 1.0
0.527843739918 0.378051996383 0.0 -1.0
0.545236308181 0.375000518316 0.0 -1.0
0.440424121162 0.625152443671 0.0 1.0
0.306354479512 0.622191218691 0.0 1.0
0.645439969675 0.628468613494 0.0 1.0
0.132300426268 0.537894404917 -0.951883807781 0.306459159571
0.345110387731 0.372377085671 0.0 -1.0
0.452736221539 0.624181464075 0.0 1.0
0.797782201449 0.614426115573 0.385326885386 0.922780142503
0.774145088645 0.62031528136 0.19675307214 0.980453073127
0.62125718022 0.377157334686 0.0 -1.0
0.36815105959 0.367263018514 0.0 -1.0
0.279271387634 0.374981055375 0.0 -1.0
0.17308892231 0.597660359425 -0.6187033014 0.785624735378
0.521894448667 0.625314961895 0.0 1.0
0.322610682618 0.375796954788 0.0 -1.0
0.812402783357 0.391420723555 0.498283268829 -0.867014292849
0.324890530108 0.374993806438 0.0 -1.0
0.859578952832 0.434590638828 0.858662521022 -0.512541388565
0.303448132774 0.374692401628 0.0 -1.0
0.758711105055 0.377540302705 0.0709528527079 -0.997479670315
0.436435482097 0.625044147529 0.0 1.0
0.564399651238 0.375571315566 0.0 -1.0
0.68242865873 0.373967922373 0.0 -1.0
0.676406470542 0.62932438255 0.0 1.0
0.695276083468 0.37765575369 0.0 -1.0
0.724045960441 0.372944752887 0.0 -1.0
0.415269310887 0.381270114539 0.0 -1.0
0.804138725999 0.386108729946 0.429311062084 -0.903156692923
0.723231081649 0.619175203168 0.0 1.0
0.644139509142 0.626213450649 0.0 1.0
0.822274097014 0.605694941652 0.56444826562 0.825468446059
0.805201280813 0.387922509666 0.441836018248 -0.897095832661
0.762490697345 0.624006900988 0.100215584267 0.994965746481
0.186134189015 0.607453739073 -0.510918296824 0.859629277055
0.337737093719 0.62442796254 0.0 1.0
0.158508276854 0.595103297784 -0.693290374527 0.72065834942
0.78804420401 0.38156899316 0.30583499762 -0.952084531032
0.227222819602 0.377100162002 -0.18222285042 -0.983257256665
0.218090321801 0.378962537861 -0.254917871455 -0.966962708078
0.345494056336 0.626160526153 0.0 1.0
0.157243322235 0.579165552833 -0.760634937233 0.649179861256
0.195510909197 0.612837452467 -0.43484458616 0.900505516856
0.814731997332 0.392840639391 0.517050817914 -0.855954701894
0.297530119413 0.631082406369 0.0 1.0
0.508912175363 0.377892651871 0.0 -1.0
0.136214243863 0.544555695023 -0.931160171063 0.364610389082
0.591569350778 0.374995985791 0.0 -1.0
0.781824367102 0.621989555353 0.252422872489 0.967617017959
0.155380808761 0.418411690113 -0.757332146852 -0.653029876303
0.362646252437 0.624800608139 0.0 1.0
0.25323000583 0.374205431426 0.0 -1.0
0.607841059232 0.373601409717 0.0 -1.0
0.705334248334 0.374853959529 0.0 -1.0
0.633591857658 0.372024327895 0.0 -1.0
0.238788586734 0.625158823152 -0.0892174903132 0.99601216831
0.745740626162 0.626988617182 0.0 1.0
0.760585604119 0.625277877267 0.084194350063 0.996449352159
0.171666990815 0.59485561692 -0.636753554062 0.771067384467
0.756158638299 0.624929340193 0.0492356192747 0.998787191445
0.215511007039 0.384121470296 -0.285256236123 -0.958451292322
0.165828142518 0.589956608888 -0.683238146966 0.73019561388
0.143075363002 0.436091000929 -0.858365622692 -0.513038456435
0.229862429791 0.378226000049 -0.163147658314 -0.986601663077
0.280384485655 0.63044402267 0.0 1.0
0.797248699597 0.382380035686 0.372748127865 -0.927932558526
0.61525542343 0.371176955575 0.0 -1.0
0.174239777963 0.400574318697 -0.606077020612 -0.79540596244
0.495757424183 0.377037428176 0.0 -1.0
0.254928273126 0.625830321826 0.0 1.0
0.399470293262 0.624847580388 0.0 1.0
0.782292589255 0.374042377497 0.248338734867 -0.968673253871
0.345159549044 0.627145979076 0.0 1.0
0.136030745917 0.4365545875 -0.873739782167 -0.486393660587
0.428320565693 0.621947904762 0.0 1.0
0.868346200169 0.461049386997 0.949878291106 -0.312619948317
0.220315065688 0.375181341484 -0.231365313669 -0.972866944464
0.584996759486 0.37736815549 0.0 -1.0
0.201429103383 0.615131584036 -0.388691499111 0.921367960436
0.169261816356 0.412141263003 -0.676638416164 -0.736315458055
0.533608879617 0.374999686642 0.0 -1.0
0.871364814211 0.53004070253 0.970706973101 0.240266461189
0.555973480708 0.371807688871 0.0 -1.0
0.397794774773 0.626052630588 0.0 1.0
0.282037567998 0.373735438968 0.0 -1.0
0.193110018708 0.389474878458 -0.45764967344 -0.88913259776
0.814402590922 0.607370286003 0.514375077525 0.857565320906
0.321640583685 0.375042260992 0.0 -1.0
0.500987406422 0.621446751479 0.0 1.0
0.759502484009 0.624617344317 0.0760301826342 0.997105516647
0.653966194393 0.629766639891 0.0 1.0
0.736643692502 0.36658975057 0.0 -1.0
0.757956275425 0.621401062523 0.0653946415857 0.997859479512
0.173942359123 0.597341629599 -0.615688730631 0.78798945867
0.276972283186 0.38406878953 0.0 -1.0
0.33731052865 0.624921293357 0.0 1.0
0.425096740442 0.618669459189 0.0 1.0
0.71441162261 0.374204684706 0.0 -1.0
0.200475066408 0.619537288112 -0.382748884276 0.923852418726
0.346212149048 0.380426905344 0.0 -1.0
0.698824625092 0.377568735941 0.0 -1.0
0.126882845953 0.497752780349 -0.999833472178 -0.0182490523515
0.689644354141 0.62212792599 0.0 1.0
0.682846533633 0.623300823559 0.0 1.0
0.199762698804 0.6160758755 -0.397185913266 0.917738170887
0.811918249658 0.612120574059 0.483422178212 0.875387341474
0.856558392378 0.564365928128 0.855965551281 0.51703285681
0.220583400098 0.631279849967 -0.218648262276 0.975803739183
0.397884229281 0.621829375732 0.0 1.0
0.371967314398 0.375103699441 0.0 -1.0
0.841656799715 0.596206055103 0.689780889833 0.724018179344
0.393346593133 0.375262919018 0.0 -1.0
0.646331052887 0.626678268059 0.0 1.0
0.241394570326 0.375169814875 -0.0687717004958 -0.997632423897
0.533148807957 0.624503737999 0.0 1.0
0.705717010385 0.377070557611 0.0 -1.0
0.797551012384 0.612428976188 0.38952739676 0.92101487891
0.174397446946 0.399008499634 -0.599280682712 -0.800538983016
0.138741809929 0.442710437964 -0.889060183521 -0.457790334189
0.532856977812 0.375444954862 0.0 -1.0
0.542780556603 0.375129636223 0.0 -1.0
0.773872077057 0.622677896438 0.191003294331 0.9815893956
0.435537253972 0.384362357484 0.0 -1.0
0.814733441921 0.392683484504 0.516504193539 -0.856284659477
0.799417479073 0.614780076264 0.395439395715 0.918492070906
0.754174636541 0.625802698816 0.0331646994628 0.99944990005
0.784591242871 0.619523665338 0.277993878834 0.960582845636
0.413152929768 0.625059859363 0.0 1.0
0.156135873359 0.413823244808 -0.73662848368 -0.676297624594
0.702083552413 0.623753621046 0.0 1.0
0.867794075839 0.440798992858 0.893506103093 -0.449051048029
0.333107152505 0.37488897134 0.0 -1.0
0.809774015919 0.38724544981 0.468373617632 -0.883530505589
0.705656727662 0.627451225132 0.0 1.0
0.778883959433 0.621705768352 0.23090605231 0.972976050582
0.324754338316 0.625004180223 0.0 1.0
0.59273743685 0.616995710079 0.0 1.0
0.806007966302 0.612570850846 0.445440543989 0.895311522193
0.143727201296 0.438465933927 -0.865402650632 -0.501077092152
0.661632578097 0.374599186284 0.0 -1.0
0.78209392372 0.3733648742 0.245663360846 -0.969355204834
0.761889764736 0.618603809131 0.0997443814939 0.995013094567
0.208892662744 0.376629183685 -0.316108440552 -0.948723064868
0.872239704394 0.523120673907 0.982579717048 0.185841598265
0.734727804523 0.624551548295 0.0 1.0
0.199210379775 0.388610116331 -0.414863779591 -0.909883533417
0.333082240422 0.623559781999 0.0 1.0
0.328217840277 0.624230342393 0.0 1.0
0.179549558502 0.396977541593 -0.564468711854 -0.825454464727
0.864947034916 0.441869008921 0.892379431826 -0.451285884616
0.834082869454 0.401621884826 0.649714434354 -0.760178369722
0.516347596156 0.623245256736 0.0 1.0
0.419505937171 0.375464814245 0.0 -1.0
0.683489616219 0.622536352696 0.0 1.0
0.47666431274 0.625334889098 0.0 1.0
0.301356076479 0.367806420468 0.0 -1.0
0.822621322269 0.601679060874 0.581199333277 0.813761227264
0.784022536673 0.384744159682 0.28310647426 -0.959088486133
0.160087051567 0.423295948681 -0.760778959725 -0.649011074205
0.796810711196 0.615243409798 0.376321785042 0.926489025355
0.276033532113 0.625861501862 0.0 1.0
0.636296301528 0.375506002524 0.0 -1.0
0.479351611268 0.623453146483 0.0 1.0
0.512197762482 0.625141194331 0.0 1.0
0.804303870468 0.385506780182 0.428532118491 -0.903526548266
0.6230891355 0.622391737531 0.0 1.0
0.24825928832 0.619305260425 -0.014588336986 0.99989358455
0.521512364614 0.375227861279 0.0 -1.0
0.50450852832 0.374880149234 0.0 -1.0
0.483839281804 0.375694637328 0.0 -1.0
0.2349669839 0.623430609434 -0.120896129303 0.992665163043
0.730612236396 0.625178537118 0.0 1.0
0.654284970618 0.374957208359 0.0 -1.0
0.300717211048 0.373860186191 0.0 -1.0
0.661530015647 0.620684591954 0.0 1.0
0.572873027589 0.376249303037 0.0 -1.0
0.68351382272 0.624788171571 0.0 1.0
0.798152130269 0.615910550099 0.383630739476 0.923486575825
0.321417499841 0.383257239153 0.0 -1.0
0.342188492094 0.367239838815 0.0 -1.0
0.206279704486 0.61792372894 -0.347620536772 0.937635303524
0.798777859319 0.617153391112 0.38436612813 0.923180740455
0.24007142767 0.371223171721 -0.0768686640992 -0.997041227071
0.294966109888 0.374409770279 0.0 -1.0
0.773517486673 0.627794048013 0.180982500146 0.983486316448
0.724821114415 0.382332289624 0.0 -1.0
0.39580968231 0.626585339746 0.0 1.0
0.429584583516 0.3752757158 0.0 -1.0
0.609080975472 0.374281177145 0.0 -1.0
0.221620416327 0.37828159156 -0.227061212516 -0.973880488443
0.598410949966 0.373429343876 0.0 -1.0
0.522433934167 0.374495765219 0.0 -1.0
0.594375659018 0.373754192753 0.0 -1.0
0.765177823813 0.375384102825 0.120899713832 -0.992664726479
0.818169466431 0.404189192082 0.579730086194 -0.814808583142
0.195715259549 0.391757230783 -0.448285181276 -0.893890595234
0.133298075764 0.541698324463 -0.941695857014 0.33646532196
0.689353107882 0.628510045433 0.0 1.0
0.602686246208 0.380720811777 0.0 -1.0
0.264579908669 0.376179184467 0.0 -1.0
0.242486318045 0.624287687153 -0.0603418598131 0.998177769716
0.427681004038 0.625834889594 0.0 1.0
0.147159749645 0.570598213443 -0.824435715427 0.565955608797
0.241170335469 0.375017186831 -0.0704691762095 -0.997513957398
0.544298706853 0.624940526068 0.0 1.0
0.794508308479 0.621634059377 0.343629397845 0.939105338573
0.862349296088 0.440442744513 0.88353679461 -0.468361753957
0.541023445267 0.383032016049 0.0 -1.0
0.187811762848 0.608433014292 -0.497498328713 0.867464934696
0.151774501994 0.572512437452 -0.804527315965 0.593915648781
0.684873201821 0.624640162427 0.0 1.0
0.619121711577 0.376832624631 0.0 -1.0
0.518069694664 0.628762135913 0.0 1.0
0.87221935622 0.526220376528 0.977753627825 0.20975662868
0.325569966076 0.625080925166 0.0 1.0
0.84395717455 0.582843484808 0.750076369011 0.661351223368
0.610973195367 0.620473868329 0.0 1.0
0.211159010796 0.377928771342 -0.303197829716 -0.952927634218
0.582959391921 0.374731029312 0.0 -1.0
0.177051340059 0.398611042365 -0.584029811276 -0.811732209254
0.196000063427 0.396133051865 -0.461271991003 -0.887258784299
0.353065324535 0.375607130743 0.0 -1.0
0.832734195755 0.406258353445 0.661714492123 -0.749755914225
0.852571155582 0.428779981714 0.82141029196 -0.570337735261
0.411998084655 0.633108126534 0.0 1.0
0.239421587542 0.37515719492 -0.0844286666519 -0.996429525981
0.681876442078 0.377137774914 0.0 -1.0
0.145445641791 0.570682817313 -0.828452377061 0.56005951375
0.712863148849 0.625129271634 0.0 1.0
0.667128290539 0.623750166077 0.0 1.0
0.196674374287 0.613559040641 -0.42504639476 0.90517156512
0.29479234115 0.374768332621 0.0 -1.0
0.457867008546 0.372275328745 0.0 -1.0
0.851692810588 0.572741795156 0.813342436192 0.581785253758
0.443816581951 0.625638500162 0.0 1.0
0.161223635281 0.402467813218 -0.673131401054 -0.739522898169
0.311321134915 0.378545012245 0.0 -1.0
0.782272291064 0.615668334603 0.268735605222 0.963213981671
0.167384901921 0.592784376385 -0.664992160316 0.746850337563
0.7530161478 0.632696334691 0.0227231862584 0.999741795068
0.502440076459 0.62524923411 0.0 1.0
0.152519705954 0.421500710144 -0.778859432517 -0.627198520709
0.633380095436 0.615489847781 0.0 1.0
0.275078213585 0.624947975961 0.0 1.0
0.427718396605 0.627289902994 0.0 1.0
0.302435637701 0.619278195203 0.0 1.0
0.331116755843 0.37562255007 0.0 -1.0
0.191916165704 0.60748673515 -0.475401940431 0.879768716785
0.577340336393 0.374664802513 0.0 -1.0
0.453081061716 0.624730678682 0.0 1.0
0.707089770842 0.373734019404 0.0 -1.0
0.489368783906 0.37127383317 0.0 -1.0
0.607845652941 0.373675928181 0.0 -1.0
0.148148591423 0.439080467367 -0.8582070823 -0.513303617648
0.868086557311 0.461219798453 0.95008107444 -0.312003128175
0.824986356339 0.399962744609 0.599783653563 -0.800162214128
0.160809538009 0.580101532102 -0.743999614296 0.66818004604
0.760600660769 0.373233227524 0.0833299588317 -0.996522010776
0.858124872805 0.443960251423 0.887842058968 -0.460148322096
0.787671485509 0.38540557591 0.312287890746 -0.949987512178
0.598878319016 0.62504615432 0.0 1.0
0.203898166061 0.373897473661 -0.343356780186 -0.939205047634
0.121294811993 0.504931851154 -0.999266679547 0.0382897263853
0.821908983774 0.388412514161 0.541681137675 -0.840584049984
0.692310147448 0.376203884227 0.0 -1.0
0.763261783986 0.623007440515 0.107188301212 0.994238737972
0.327144659711 0.378878993454 0.0 -1.0
0.803287276058 0.612930722533 0.426729910361 0.904379114975
0.291001066892 0.62400280639 0.0 1.0
0.62548429486 0.37503200759 0.0 -1.0
0.247691401844 0.374459301916 -0.0183855500393 -0.99983097149
0.298415826686 0.625425479039 0.0 1.0
0.277288789282 0.634245818806 0.0 1.0
0.669022813715 0.624977818715 0.0 1.0
0.619327796176 0.625761575833 0.0 1.0
0.254464882989 0.377105013391 0.0 -1.0
0.660496814318 0.626691623342 0.0 1.0
0.378352058734 0.63490904792 0.0 1.0
0.56541963569 0.376573155267 0.0 -1.0
0.659129844133 0.628684563552 0.0 1.0
0.159215415708 0.415801030415 -0.73320093185 -0.680012053962
0.735701939756 0.621667944795 0.0 1.0
0.77048494275 0.623826447594 0.163209572133 0.986591422811
0.140827126257 0.440299155891 -0.877385049285 -0.479786906128
0.526311271779 0.624998750059 0.0 1.0
0.756415930135 0.375172189462 0.051328856051 -0.99868180545
0.869487977999 0.457314260549 0.941715857049 -0.336409340808
0.581585654349 0.374718394634 0.0 -1.0
0.172000371652 0.597970230902 -0.622857089094 0.782335635495
0.148916411038 0.426397549641 -0.808407314299 -0.588623491026
0.730002703312 0.375000220574 0.0 -1.0
0.271602907517 0.37189649452 0.0 -1.0
0.640850170342 0.374762057281 0.0 -1.0
0.442625929619 0.622588788564 0.0 1.0
0.804199071334 0.38570914662 0.428475187277 -0.903553547881
0.532806858343 0.62370300637 0.0 1.0
0.424929493693 0.373502475025 0.0 -1.0
0.844840088653 0.413977068386 0.740699906838 -0.671836027621
0.804190803251 0.612551837321 0.433803239248 0.901007630166
0.710621809273 0.62583613844 0.0 1.0
0.368842722765 0.375065524927 0.0 -1.0
0.600659739621 0.62502092197 0.0 1.0
0.554035075004 0.376131111879 0.0 -1.0
0.37712954712 0.625242798349 0.0 1.0
0.186658517914 0.392167498076 -0.506483071046 -0.862249905041
0.718775117113 0.375665919677 0.0 -1.0
0.765063653765 0.373847116674 0.118562126088 -0.992946636158
0.607635608214 0.620134551969 0.0 1.0
0.219634101675 0.372758579408 -0.232123500638 -0.972686321715
0.781923034666 0.380173263183 0.257424266005 -0.96629847732
0.805286664969 0.385859634511 0.43592117342 -0.899984850186
0.482278545603 0.380961994434 0.0 -1.0
0.254452867663 0.625000000427 0.0 1.0
0.445912495216 0.625000767313 0.0 1.0
0.796004385255 0.383781761272 0.368050242806 -0.929805903815
0.19221307786 0.389158710232 -0.46228694384 -0.886730388311
0.537095656843 0.377164392413 0.0 -1.0
0.589242138095 0.628634290074 0.0 1.0
0.426708271091 0.373074967497 0.0 -1.0
0.150286955143 0.435127241421 -0.838219408882 -0.545333129907
0.769451914629 0.618875001937 0.16148053348 0.986875897622
0.350882421848 0.369345021964 0.0 -1.0
0.483153776276 0.377267993632 0.0 -1.0
0.489073044747 0.37743995383 0.0 -1.0
0.269744138406 0.374433939734 0.0 -1.0
0.474741333578 0.624889976078 0.0 1.0
0.701072608947 0.373737151093 0.0 -1.0
0.233526972472 0.376090403965 -0.131780437117 -0.991278929663
0.180393346444 0.395972078114 -0.556103514473 -0.831113037553
0.545705894594 0.372444276734 0.0 -1.0
0.505540479214 0.372863754572 0.0 -1.0
0.296211897032 0.622681627535 0.0 1.0
0.197468120502 0.387181673135 -0.422108246384 -0.906545436442
0.752330526216 0.623435928344 0.0188764699436 0.999821823568
0.775993776486 0.382517842457 0.216026049501 -0.976387600258
0.789931795098 0.388816644482 0.338005104647 -0.941144276523
0.754361174959 0.375386806637 0.0349751641622 -0.999388181785
0.210414456352 0.382667617851 -0.31966871871 -0.947529371723
0.608770604554 0.372403538405 0.0 -1.0
0.809659119381 0.599877308366 0.512798942142 0.858508733175
0.553218123969 0.374176151198 0.0 -1.0
0.31445874188 0.62509991461 0.0 1.0
0.169219277139 0.397982446811 -0.620779847982 -0.783984936296
0.683230254266 0.623142243803 0.0 1.0
0.266883543091 0.624217592715 0.0 1.0
0.453748978397 0.375250848643 0.0 -1.0
0.194456038347 0.387658892112 -0.44320235982 -0.896421590687
0.75706237721 0.374780685656 0.0563088001435 -0.998413400865
0.762574083105 0.624484832566 0.100494466182 0.994937617274
0.840654462386 0.585828145634 0.726173328248 0.687511670695
0.214845159775 0.610249475025 -0.303787367095 0.95273985725
0.229663004023 0.627776265491 -0.157178190336 0.987570259011
0.792985910427 0.621496608446 0.333535872813 0.942737408586
0.19569144003 0.611896541896 -0.436628934208 0.899641691904
0.599745589486 0.370909945317 0.0 -1.0
0.221822989564 0.622624265409 -0.223941074341 0.974602685828
0.816143078824 0.609149000203 0.518251458082 0.855228288936
0.685758892537 0.615487550718 0.0 1.0
0.870172942831 0.479021625244 0.98510352825 -0.171962317471
0.518030569843 0.370507366406 0.0 -1.0
0.557733537449 0.625244363327 0.0 1.0
0.720137476749 0.626077737511 0.0 1.0
0.781338360909 0.627482957754 0.238711168717 0.971090612626
0.612858083982 0.621787707069 0.0 1.0
0.641000511333 0.624966831844 0.0 1.0
0.851963538408 0.571805417701 0.817608164244 0.575775033986
0.579721996384 0.623583715013 0.0 1.0
0.244347234691 0.625156190965 -0.0451182609634 0.998981652748
0.36141762716 0.376032118279 0.0 -1.0
0.716436862715 0.622403683409 0.0 1.0
0.378143051356 0.619468715248 0.0 1.0
0.780050558301 0.379431425157 0.241835344844 -0.970317301703
0.21328685217 0.619574156952 -0.293502471741 0.955958314511
0.218035189151 0.626441551058 -0.245086531845 0.969501207791
0.1281172618 0.526487139062 -0.977192808813 0.212353983725
0.603376624292 0.376081567691 0.0 -1.0
0.77443839138 0.623934432893 0.193457319486 0.98110869201
0.197645068131 0.611840147966 -0.423960862978 0.905680510259
0.665625515386 0.375403474502 0.0 -1.0
0.876094882499 0.533858130215 0.965791182762 0.259321019781
0.506855975969 0.626979090987 0.0 1.0
0.876672647333 0.483828569223 0.991949804571 -0.126631691178
0.689611512061 0.375048328082 0.0 -1.0
0.136582341639 0.5358587587 -0.953482141059 0.301449509339
0.789843198925 0.382805777706 0.321874726995 -0.94678226648
0.777835867141 0.621220161548 0.223799621697 0.974635177555
0.249029148931 0.375042777824 -0.00777068403604 -0.999969807779
0.856012810014 0.432183943464 0.842390578739 -0.538867435324
0.832300051922 0.405481422022 0.656676650812 -0.754172245763
0.2295347607 0.379331032283 -0.167205340098 -0.985922093394
0.762248965042 0.625543578824 0.0971033675403 0.995274301895
0.751890637008 0.374993913236 0.0151221466581 -0.999885653803
0.76579125156 0.376788273694 0.12711981498 -0.991887368928
0.732506579866 0.375221207924 0.0 -1.0
0.158209164045 0.58318596669 -0.740985924446 0.671520557968
0.506175958958 0.630939290761 0.0 1.0
0.638241798535 0.617797145388 0.0 1.0
0.860662901362 0.441814905917 0.885114591083 -0.46537314131
0.173867861252 0.397034738646 -0.59452589345 -0.80407646528
0.125924371555 0.488396226945 -0.995655591187 -0.0931125326593
0.856182376021 0.435225519461 0.853695484376 -0.520772522275
0.138370573739 0.563292468996 -0.869905815127 0.493217875598
0.754511953281 0.624826054483 0.0361211828596 0.999347417142
0.38606087519 0.625186124862 0.0 1.0
0.268833182832 0.624995263984 0.0 1.0
0.477380350266 0.374689166804 0.0 -1.0
0.767684686591 0.620514875029 0.145183310777 0.989404773726
0.496064069802 0.375563772176 0.0 -1.0
0.472265447465 0.626528326455 0.0 1.0
0.71373346356 0.373472024618 0.0 -1.0
0.790782479655 0.623992692137 0.312437197761 0.949938417717
0.565481621651 0.624432021969 0.0 1.0
0.556874597454 0.620754184298 0.0 1.0
0.742473761159 0.624946496029 0.0 1.0
0.702071596683 0.37669598354 0.0 -1.0
0.42437628752 0.374605767462 0.0 -1.0
0.158966228241 0.586952892423 -0.72312978148 0.69071218256
0.348783929864 0.374848942532 0.0 -1.0
0.429510938268 0.623977957645 0.0 1.0
0.141579486446 0.432633123553 -0.849392704616 -0.527761341276
0.17025609442 0.596417179208 -0.63733003684 0.770590957734
0.781684983706 0.378813499433 0.252946836156 -0.967480179683
0.842057832095 0.57297300972 0.783659195909 0.621191004979
0.776507824446 0.622078948526 0.212186185672 0.977229257958
0.405604330296 0.629671020776 0.0 1.0
0.662666954501 0.624788724554 0.0 1.0
0.481261943518 0.374737040724 0.0 -1.0
0.501385776469 0.62824248742 0.0 1.0
0.757826510363 0.378679303551 0.0643749556597 -0.99792578135
0.689655541637 0.37491490603 0.0 -1.0
0.797940987849 0.613379413292 0.389444797935 0.921049808295
0.59718912901 0.623628632217 0.0 1.0
0.76280789595 0.374909954095 0.101853767418 -0.994799381817
0.625115949774 0.633337327655 0.0 1.0
0.172623632653 0.598954151838 -0.615979382641 0.787762273888
0.525359599458 0.624397406542 0.0 1.0
0.619037670805 0.374813398015 0.0 -1.0
0.177230696856 0.602728876317 -0.578029263982 0.81601603537
0.598399807813 0.372718210103 0.0 -1.0
0.231514627222 0.62402455622 -0.14741325683 0.989074987911
0.833324205937 0.406920434236 0.666982423347 -0.745073450705
0.782449357859 0.377954065061 0.25694467818 -0.966426113241
0.223255911988 0.377832759549 -0.213843600744 -0.976867910426
0.327548758355 0.370413290056 0.0 -1.0
0.157270748604 0.58553078922 -0.735062800211 0.677999026361
0.789878957358 0.61864541209 0.318595800584 0.947890666612
0.182473286588 0.399158734563 -0.556400857972 -0.830914005928
0.660174506096 0.624747581727 0.0 1.0
0.360600060549 0.376434364367 0.0 -1.0
0.37800765996 0.374871354088 0.0 -1.0
0.49304985819 0.376069626826 0.0 -1.0
0.778639509529 0.379658741293 0.231513372229 -0.972831721563
0.782268319013 0.370082748811 0.241046286022 -0.970513620716
0.745535123725 0.380979487761 0.0 -1.0
0.327342722389 0.625011469302 0.0 1.0
0.356347234346 0.624961452389 0.0 1.0
0.381362319046 0.619605403834 0.0 1.0
0.669622170035 0.625113081932 0.0 1.0
0.745893392079 0.621279699552 0.0 1.0
0.210356281929 0.618756929266 -0.316637945001 0.948546473182
0.866148924297 0.459954117474 0.945389323654 -0.325943287584
0.565755138632 0.626624190407 0.0 1.0
0.722507237169 0.625922768268 0.0 1.0
0.779771269415 0.624979828013 0.231718954149 0.972782774461
0.120957759978 0.510916269523 -0.996441180169 0.084291010575
0.36738868476 0.625001546203 0.0 1.0
0.129206960684 0.53074778493 -0.969097947287 0.246676242401
0.651368287068 0.375869561031 0.0 -1.0
0.522150845771 0.375211853824 0.0 -1.0
0.52384437361 0.627017296269 0.0 1.0
0.854224431982 0.431635853927 0.836173062973 -0.548465686035
0.821860178622 0.397680254103 0.574726173863 -0.818345785764
0.201952611456 0.614988596321 -0.385534021817 0.922693620885
0.716260759477 0.374608645717 0.0 -1.0
0.277434974846 0.624988429253 0.0 1.0
0.332359611829 0.627805138838 0.0 1.0
0.870631110523 0.453186579102 0.932264733885 -0.361776817879
0.169845650356 0.593209427018 -0.652010488493 0.75820994645
0.719050337103 0.375145820035 0.0 -1.0
0.719904587389 0.631559655314 0.0 1.0
0.265210306678 0.375109685054 0.0 -1.0
0.634397056827 0.375352191999 0.0 -1.0
0.794142263344 0.610482546806 0.371014692617 0.928626996087
0.507289071103 0.625012084765 0.0 1.0
0.237991807642 0.620796259927 -0.0989178139457 0.995095606504
0.798789082162 0.386792038887 0.395770820681 -0.918349311263
0.807983487938 0.617797167446 0.441622782311 0.897200823753
0.581212880608 0.372750521156 0.0 -1.0
0.655637553945 0.373267035824 0.0 -1.0
0.150185481674 0.578523822901 -0.785945015785 0.618296395075
0.752715530442 0.624907377045 0.0217345216767 0.999763777383
0.762721970571 0.375498791669 0.101651034366 -0.994820118017
0.351248372321 0.374458418222 0.0 -1.0
0.238181507245 0.375569236637 -0.0945519814454 -0.99551992587
0.633805712668 0.625061755895 0.0 1.0
0.31704059401 0.626972343175 0.0 1.0
0.555496647595 0.624550651373 0.0 1.0
0.201696782563 0.384710288621 -0.386419371624 -0.922323191313
0.269788121795 0.375327409128 0.0 -1.0
0.200242026301 0.614186457261 -0.399472736049 0.916745075336
0.641324268843 0.627879974394 0.0 1.0
0.800971875549 0.610563113827 0.418662889752 0.908141720628
0.798635163406 0.614980545261 0.389561597127 0.921000413705
0.770973340898 0.37747076259 0.168711308329 -0.985665508396
0.249858311513 0.374614174961 -0.00259882250786 -0.999996623055
0.539607600919 0.377287771332 0.0 -1.0
0.816308571123 0.396339351014 0.538850966263 -0.842401113578
0.247629928282 0.374059494081 -0.0188150550579 -0.999822981184
0.675123666023 0.375199596387 0.0 -1.0
0.437940132941 0.618055368864 0.0 1.0
0.518873834306 0.625017999786 0.0 1.0
0.795362383757 0.382240868871 0.359457793683 -0.933161344335
0.840723318655 0.591346745533 0.704681369576 0.709523901903
0.408955659212 0.373560029315 0.0 -1.0
0.865105778418 0.547078201272 0.925579674797 0.378552857079
0.220172399851 0.616379157827 -0.248265106065 0.968692127103
0.445153231896 0.624507498182 0.0 1.0
0.871208207154 0.553015115429 0.91619758727 0.400726816025
0.181147896957 0.399066942967 -0.563522688363 -0.826100586914
0.201701296971 0.39335604789 -0.412549657106 -0.910935113179
0.758699405366 0.37940275422 0.0719466433494 -0.997408482273
0.777916793379 0.621695459442 0.22358499417 0.974684436309
0.817738050796 0.604765083022 0.542957365311 0.839760263084
0.785056305823 0.375446027354 0.270921810508 -0.962601357048
0.803866364903 0.385237984908 0.424890392983 -0.905244803327
0.547705030192 0.372553189339 0.0 -1.0
0.582460341112 0.624912548871 0.0 1.0
0.591305642167 0.627620277292 0.0 1.0
0.618610418007 0.625566475618 0.0 1.0
0.316509699987 0.375020237877 0.0 -1.0
0.177622697584 0.606373985146 -0.562534231373 0.826773994834
0.822920752308 0.399391158668 0.586854716734 -0.809692251073
0.583239226768 0.624941496387 0.0 1.0
0.16663217074 0.412362250284 -0.689235247994 -0.724537626989
0.233923579844 0.373617766942 -0.126184215451 -0.992006826474
0.174156203973 0.400671004978 -0.606872783676 -0.794798983664
0.548214247535 0.373999551891 0.0 -1.0
0.678314355436 0.629423365115 0.0 1.0
0.692112830509 0.375682163602 0.0 -1.0
0.585156456876 0.62415297845 0.0 1.0
0.706424726636 0.619892777206 0.0 1.0
0.42502593276 0.374551112041 0.0 -1.0
0.403627118684 0.369936318913 0.0 -1.0
0.753806841507 0.632558482268 0.0287055545377 0.999587910661
0.685776946297 0.624693806587 0.0 1.0
0.129947187909 0.547155495315 -0.9307756288 0.365590931004
0.267131668276 0.369418319556 0.0 -1.0
0.657949544649 0.625000722999 0.0 1.0
0.776459629311 0.377828452075 0.211664377642 -0.977342412483
0.382245120394 0.626832360338 0.0 1.0
0.540671795348 0.625451659363 0.0 1.0
0.219843525063 0.624328532483 -0.235713760228 0.971822526617
0.84743063891 0.42287414675 0.784074449058 -0.620666785267
0.748393099768 0.375456067091 0.0 -1.0
0.430040198304 0.625147615885 0.0 1.0
0.851340622972 0.428163920339 0.815825585075 -0.578298032797
0.803024202699 0.379405642534 0.402494723611 -0.915422305532
0.291109689806 0.625315600786 0.0 1.0
0.690109106952 0.371790616441 0.0 -1.0
0.808216689482 0.61445413244 0.453361972309 0.891326495771
0.319762413465 0.370562329242 0.0 -1.0
0.196725101897 0.607368056897 -0.444473252409 0.895792123148
0.697252146797 0.627334090895 0.0 1.0
0.668228935414 0.375327462581 0.0 -1.0
0.479562943665 0.373437479712 0.0 -1.0
0.790471872246 0.381710042524 0.323710821619 -0.946156067447
0.439746173529 0.620595016653 0.0 1.0
0.285601411117 0.375794432504 0.0 -1.0
0.344270360372 0.626081904705 0.0 1.0
0.231567762934 0.623629748366 -0.147457907126 0.989068332132
0.87218405483 0.474877870744 0.979511085457 -0.201390251667
0.495775171081 0.381955185077 0.0 -1.0
0.239390413366 0.624766917332 -0.0847268237458 0.996404217844
0.333447258636 0.374968484099 0.0 -1.0
0.710641658811 0.625641062456 0.0 1.0
0.545026583741 0.624663569664 0.0 1.0
0.8699110291 0.464673126069 0.959239863196 -0.28259314368
0.539846483382 0.634271548329 0.0 1.0
0.237855870465 0.380030165444 -0.100708494768 -0.99491597589
0.72868502859 0.625109488924 0.0 1.0
0.648169236232 0.624190003356 0.0 1.0
0.617858540493 0.378845956181 0.0 -1.0
0.605888349184 0.632550061713 0.0 1.0
0.483782101391 0.62222599159 0.0 1.0
0.260792446206 0.624362970905 0.0 1.0
0.581868343627 0.374978445553 0.0 -1.0
0.153313542432 0.419843526239 -0.769847979732 -0.638227301283
0.781324462476 0.378257066568 0.249177350707 -0.968457870996
0.493558181958 0.366883376834 0.0 -1.0
0.588206020908 0.375345564234 0.0 -1.0
0.490079198672 0.375032747969 0.0 -1.0
0.414504290553 0.372506959539 0.0 -1.0
0.539627489029 0.624031138126 0.0 1.0
0.487302214908 0.625312732273 0.0 1.0
0.808724057573 0.61060439511 0.468933648098 0.88323339706
0.295123698398 0.630261198496 0.0 1.0
0.628859415656 0.626419585109 0.0 1.0
0.15048686184 0.584086963643 -0.763828462785 0.645419305134
0.507984186421 0.62474301983 0.0 1.0
0.372833841688 0.629879511388 0.0 1.0
0.592427344849 0.620634474342 0.0 1.0
0.459047128509 0.629184618563 0.0 1.0
0.271610544023 0.375850898805 0.0 -1.0
0.461457096896 0.625192486108 0.0 1.0
0.744075296493 0.374956014172 0.0 -1.0
0.642407513194 0.624325719329 0.0 1.0
0.861462889575 0.429634694991 0.845602531279 -0.533813037583
0.275311176708 0.375140015655 0.0 -1.0
0.70758599055 0.632251375191 0.0 1.0
0.610154282234 0.37626225737 0.0 -1.0
0.502432586203 0.369184280924 0.0 -1.0
0.756954271538 0.375678003583 0.0558484852666 -0.998439255385
0.123934581908 0.513936680953 -0.993945030129 0.109878465048
0.209300560747 0.38194524331 -0.325918214816 -0.945397967658
0.699784329177 0.375089768819 0.0 -1.0
0.294247213207 0.37679178667 0.0 -1.0
0.233987506346 0.623242182677 -0.128840128147 0.991665377725
0.215843227555 0.620221914892 -0.273291078509 0.961931383419
0.64743335397 0.375098007216 0.0 -1.0
0.307593577443 0.62151553521 0.0 1.0
0.192550717465 0.389105258177 -0.459984218581 -0.887927090845
0.208925236718 0.381696837286 -0.32798495507 -0.944682946415
0.775594796141 0.384065381183 0.215571574192 -0.976488042118
0.192758742561 0.393890963148 -0.474771888225 -0.880108887668
0.84752300812 0.421949090828 0.780744003318 -0.624851023272
0.567296306644 0.624617205746 0.0 1.0
0.641742840883 0.382088696602 0.0 -1.0
0.424179685056 0.625224124305 0.0 1.0
0.759241322829 0.377069921886 0.0749614910116 -0.997186429343
0.590832448769 0.624705623723 0.0 1.0
0.223838604154 0.372181161876 -0.200513406819 -0.979690958255
0.333608136479 0.625087535643 0.0 1.0
0.154660095717 0.413630411066 -0.741112477267 -0.671380887454
0.835059860872 0.40810601439 0.679290330531 -0.733869638864
0.581275324048 0.377626850022 0.0 -1.0
0.756403381894 0.374518492238 0.0509625660315 -0.998700564165
0.720879729346 0.625032978458 0.0 1.0
0.499275939631 0.623561219673 0.0 1.0
0.794721478712 0.616844713369 0.357447734067 0.933933143973
0.836098150742 0.593602906161 0.676985219084 0.735996612181
0.479715080979 0.375041512876 0.0 -1.0
0.878280741993 0.50921725607 0.997428734917 0.071665324679
0.795419632576 0.379225561994 0.351994295642 -0.936002145209
0.80607319165 0.610063033992 0.453940333315 0.89103208348
0.800379602871 0.614406156919 0.403005375296 0.915197611165
0.167587516783 0.399722151206 -0.634927645218 -0.772571605315
0.38841546579 0.375200151718 0.0 -1.0
0.387305069032 0.62376799977 0.0 1.0
0.125702901978 0.493559637336 -0.998660423714 -0.0517431938329
0.151369207699 0.43230877607 -0.824503310528 -0.565857129432
0.429698012015 0.61765241235 0.0 1.0
0.124937265997 0.507993747232 -0.997963617298 0.0637857237046
0.813751800168 0.608331983017 0.507174527344 0.861843372553
