1000
0.731191020874 0.59513538096 0.924764631152 0.380539586601
0.265670379107 0.587118774027 -0.93731878295 0.348473096707
0.348553753856 0.301092607847 -0.605783605619 -0.795629450915
0.749987985302 0.497549030214 0.999951941591 -0.00980380073117
0.722059164919 0.614846893766 0.888236945546 0.459385598998
0.497018336789 0.749982218879 -0.011926557467 0.999928876084
0.480429140563 0.749232778166 -0.0782828253033 0.996931190836
0.281251266392 0.378966614135 -0.874995183364 -0.484131623725
0.383971315667 0.278556178153 -0.464112998174 -0.885776001552
0.257338763633 0.560129456421 -0.970645131758 0.240516170339
0.748506705642 0.472715881296 0.994026868248 -0.109135627547
0.661294763245 0.308991845619 0.64517795122 -0.764032336527
0.251177392332 0.475765641108 -0.995290549968 -0.0969366862702
0.545626976476 0.254198884192 0.182506574625 -0.983204632932
0.369803529339 0.286577975591 -0.520784153897 -0.853688388728
0.733871209016 0.588341997852 0.935485155565 0.353365991172
0.382362080135 0.279409312911 -0.470554069102 -0.882371162296
0.657975068975 0.30623728135 0.631899090254 -0.775050669142
0.686305110472 0.666703932824 0.745221955104 0.66681649472
0.741302023212 0.56537098179 0.965208304086 0.261482178596
0.719399716834 0.38015106008 0.877599710093 -0.479394147695
0.669665424656 0.316386915361 0.678660809845 -0.734451839932
0.44589646292 0.25592487616 -0.216412897141 -0.976301929708
0.457340030247 0.746333351966 -0.170638639973 0.985333676755
0.337374740249 0.689876573206 -0.650500118826 0.759506152317
0.251749399644 0.529518033022 -0.993005092087 0.118071533781
0.295138983103 0.643290166371 -0.819444098055 0.573159114175
0.691140696424 0.33886231013 0.764562475767 -0.644549626211
0.749999638094 0.500425386826 0.999998552391 0.00170153369027
0.294686590808 0.642641204849 -0.821253664824 0.570563246286
0.457436452488 0.253649927022 -0.170252925068 -0.985400396542
0.518951113337 0.749280681407 0.0758038556224 0.997122748448
0.343374601265 0.694855326708 -0.626500369596 0.779421122947
0.684397203477 0.668812899294 0.737588321431 0.675250670558
0.42367886627 0.261934616816 -0.305282630209 -0.952261789474
0.624512747548 0.716787147967 0.49804911465 0.867148821942
0.722143507795 0.38531679849 0.888575076883 -0.458731220588
0.639219697989 0.292351308906 0.556877164895 -0.83059486106
0.315167778303 0.331663557687 -0.739328498041 -0.67334491309
0.538720466243 0.253016729078 0.154880700512 -0.987933180235
0.402647198603 0.269733865747 -0.389409175714 -0.921064869523
0.448692105047 0.744678373197 -0.205230129117 0.978713744719
0.464403479474 0.747452818845 -0.142385000178 0.989811351584
0.627192637217 0.284774290509 0.508768796879 -0.860903195094
0.250288860024 0.487985520566 -0.998844569131 -0.048057535495
0.719693527749 0.619114792927 0.879101506661 0.476634599024
0.60776642058 0.274419789932 0.431063805709 -0.902321447937
0.601806330663 0.271667917033 0.407223281401 -0.913328636956
0.370480643313 0.713833553612 -0.518075805071 0.855334706533
0.253233052296 0.459924005649 -0.987067890106 -0.160302777022
0.724925679754 0.390874122739 0.899703434644 -0.436501694945
0.317414456762 0.670770720648 -0.730341656089 0.683082034152
0.744752255881 0.550954413178 0.979009173183 0.203816188818
0.620933817206 0.281196593565 0.483734006002 -0.875215065819
0.643395169885 0.295212463682 0.573579122766 -0.819150163234
0.462623670887 0.747190251985 -0.149504186688 0.988761092561
0.534927948749 0.747548071741 0.139710731376 0.990192360877
0.678875426405 0.67465309819 0.715501068981 0.698611637669
0.350614464414 0.299540368587 -0.597540775759 -0.801838525705
0.29990424149 0.649872608708 -0.800382967786 0.599489036495
0.434409242198 0.741242374424 -0.26236128137 0.964969718715
0.697767274646 0.652932083479 0.791068953433 0.611726990507
0.458596678933 0.253452279916 -0.165612048814 -0.986190980129
0.589514384174 0.733424887648 0.358055670789 0.933700239165
0.295806443147 0.64423973775 -0.816774231685 0.576957411301
0.670401607805 0.682929940221 0.681605837444 0.731719538049
0.309343475794 0.661710253346 -0.762625804104 0.646839920626
0.631704290887 0.287505154177 0.526815472757 -0.849979680736
0.303506793842 0.345436551371 -0.785976913643 -0.618255846087
0.746619897016 0.459028808981 0.986479693162 -0.163883540901
0.264564051125 0.584082267316 -0.941745105094 0.336327455065
0.258871212891 0.433992876866 -0.964515362279 -0.264026733358
0.748787389114 0.524593489536 0.995149594513 0.0983731901538
0.483195173715 0.25056543934 -0.0672187734545 -0.997738260515
0.294123690653 0.358172453047 -0.823505282527 -0.567308601777
0.36501488505 0.710426048425 -0.539938738512 0.84170431783
0.588310990073 0.266117073042 0.353241950249 -0.935532000834
0.33805754599 0.690459348284 -0.647768701461 0.761837062244
0.26997714239 0.597926247002 -0.920091735712 0.391702945961
0.423938183437 0.738148295119 -0.304245441166 0.952593675986
0.536023347144 0.252608956052 0.144092294934 -0.989564252861
0.725914847094 0.392936669467 0.903659686549 -0.428251294108
0.745688896451 0.453772759435 0.982755902198 -0.184907643691
0.547554801807 0.745435421508 0.190217838617 0.981741907974
0.654086598154 0.696868902462 0.616345438712 0.787475904507
0.252692808011 0.536594489326 -0.989228899717 0.146376855971
0.250434978344 0.514741156129 -0.998260100475 0.0589641569049
0.503409888823 0.749976744218 0.01363944624 0.999906978427
0.690648302084 0.338280050442 0.762592909852 -0.646878701028
0.485026223734 0.749551171659 -0.0598946304536 0.998204705079
0.590350734628 0.266897455781 0.361400933027 -0.932410513458
0.450727216467 0.254903743563 -0.1970897646 -0.980385447
0.362155922251 0.291435587717 -0.551374649618 -0.834257751392
0.400278715444 0.729250367171 -0.398883099956 0.917001784387
0.30474547816 0.34387252253 -0.781017889121 -0.62450865236
0.327687912168 0.681131606017 -0.689247576655 0.72452589883
0.669266953132 0.316019519039 0.677066925111 -0.735921448879
0.724519668553 0.60995906707 0.898078965951 0.439834253915
0.296523992946 0.354749784235 -0.813904021955 -0.580999348576
0.385727871876 0.277644677809 -0.457086797199 -0.889422093174
0.258853457332 0.565941912612 -0.964586703217 0.263765979569
0.250342261299 0.486922740843 -0.998630966954 -0.0523086210869
0.705443193988 0.357545795562 0.821772825412 -0.569815253758
0.250056826357 0.494669926623 -0.99977270034 -0.0213201232272
0.663576039124 0.689057915001 0.654303643412 0.756231936787
0.430817080693 0.740236876601 -0.276729872535 0.960947749696
0.720411773413 0.617977692996 0.881647358881 0.471908820196
0.265650659211 0.41293433734 -0.93739772853 -0.348260676142
0.353452211312 0.297456548348 -0.586189703511 -0.810173827951
0.589787776189 0.266680023963 0.359149086983 -0.933280200861
0.577747452458 0.262396597483 0.310987889641 -0.950413874318
0.25636415722 0.556049933886 -0.974543575664 0.224198169333
0.54550929451 0.254177060957 0.182035844042 -0.983291895362
0.424122322927 0.261792905721 -0.303508808921 -0.952828632498
0.360699886575 0.707594762041 -0.557198812436 0.830379120294
0.683538885738 0.669745636018 0.734155146031 0.678981753479
0.607234185095 0.725833782177 0.428934738574 0.903335480342
0.286985519875 0.630862258523 -0.852058086809 0.523447243476
0.651598841579 0.301208891295 0.60639400338 -0.795164330604
0.306210460551 0.342057813753 -0.775157914228 -0.631767526872
0.746158596084 0.456342738514 0.984634523984 -0.174627758901
0.274210385191 0.392672846306 -0.903158808154 -0.429306612172
0.728272651767 0.601939507956 0.913090929563 0.407755998545
0.613100789043 0.277046434663 0.452401163621 -0.891814547512
0.537718558839 0.747138257784 0.150873099723 0.988553138572
0.356184528763 0.704491409914 -0.575262562668 0.817968816027
0.362375686631 0.29129050349 -0.550495579546 -0.834838078253
0.692863079266 0.340927837004 0.771452049526 -0.636287462773
0.749959172063 0.495482018585 0.999836692026 -0.0180717812508
0.3977680657 0.271858175014 -0.408925725426 -0.912567669318
0.748923522072 0.47682492332 0.995694123541 -0.0926995811531
0.35026234736 0.299803301701 -0.598949346571 -0.800786913131
0.619760545651 0.280551828313 0.479040246406 -0.877792938182
0.523906176637 0.748854369008 0.0956239606932 0.995417529553
0.533957690295 0.747683027812 0.135829726351 0.99073219663
0.303407515631 0.654439340638 -0.786369783364 0.617756071449
0.444932489659 0.256140224245 -0.220268490545 -0.975439281592
0.436328341633 0.258244091285 -0.254684976399 -0.967024075603
0.565349997194 0.741307703319 0.261398244395 0.965231038574
0.250497838067 0.515769337901 -0.998008672642 0.0630768525793
0.524910416687 0.251244144074 0.0996408894496 -0.995023463618
0.6403226041 0.706904982268 0.561288807629 0.82762000606
0.501665491087 0.749994452262 0.00666191105881 0.999977809224
0.745559337385 0.546910859761 0.982237473613 0.187642067326
0.330176935326 0.683467085989 -0.679291788773 0.733868289072
0.462110052904 0.252887955256 -0.151558645161 -0.988448267274
0.390221380179 0.724607951696 -0.439112465591 0.898432102367
0.250532725371 0.516311936514 -0.997869129149 0.0652472305277
0.514164034014 0.250401567997 0.0566556884755 -0.998393776505
0.372438205524 0.715007173387 -0.510245338871 0.860028891468
0.359515285954 0.293205048741 -0.561937242981 -0.82717986856
0.739087764851 0.573042755442 0.956365346587 0.292173448224
0.641230381472 0.293713580173 0.564919926298 -0.825145730687
0.683014962525 0.329689571202 0.732059350343 -0.68124085871
0.70226587854 0.353070524131 0.809065781429 -0.587718096813
0.327611927655 0.318940771555 -0.689551641687 -0.724236517615
0.305382803829 0.343079023534 -0.778469019063 -0.627683030167
0.749862629319 0.491713444782 0.999450521823 -0.03314595644
0.555899960003 0.743670306165 0.223598268312 0.974681391229
0.503321042886 0.749977940514 0.0132840653205 0.999911762911
0.320510173959 0.325978482308 -0.717958894723 -0.696085501564
0.647910990925 0.298449876346 0.591642503465 -0.806200439155
0.642983725352 0.294924984281 0.571933343648 -0.820300097784
0.262563438042 0.578255258014 -0.949746798068 0.313019199985
0.259887769735 0.430385686581 -0.960449149704 -0.278455437788
0.580755810429 0.736597856551 0.323021289677 0.946391698196
0.256996328269 0.55872990501 -0.972015175871 0.234918066306
0.635030257892 0.710392871777 0.540126968474 0.841583541858
0.68835710423 0.335617142236 0.753428030311 -0.657530381916
0.68725526187 0.334363088624 0.749020652435 -0.662546649095
0.657269025938 0.694333059372 0.629081083686 0.777339687748
0.364285981746 0.709956668893 -0.542854391594 0.839826833059
0.644085957406 0.70430206289 0.576342353349 0.817208352708
0.312710217299 0.334402113389 -0.74915871717 -0.662390531702
0.678400712331 0.324862031873 0.71360220433 -0.700551135874
0.722380494568 0.385776543941 0.88952225806 -0.456891838858
0.294539425896 0.357570853859 -0.821842327277 -0.569715006907
0.684982078295 0.331828202274 0.739927840458 -0.672686249982
0.602681474621 0.727939865389 0.410723866911 0.911759784784
0.686579703634 0.333602476731 0.746318390247 -0.665589107768
0.318249182878 0.32834115564 -0.727002736513 -0.686634561541
0.509891331614 0.749804248031 0.0395650111769 0.9992169984
0.28941424042 0.365264332891 -0.84234343992 -0.538941118513
0.308882075189 0.661164668488 -0.764471446113 0.644657589793
0.348752372325 0.699058213992 -0.604989604061 0.796233369671
0.724437050427 0.610127090163 0.897749301595 0.440506743972
0.560431325122 0.742586236887 0.241723639527 0.970345135554
0.391298258455 0.7251265875 -0.434811998504 0.900521252363
0.683333682399 0.330032695656 0.733334209081 -0.679868323862
0.582833755215 0.735878298345 0.331333172322 0.943513820206
0.638113696605 0.2916652661 0.552547511514 -0.833481402024
0.707439602279 0.360468940067 0.829758489795 -0.558122610734
0.637104043842 0.290948365115 0.548414492756 -0.836206639614
0.67021474779 0.683103947656 0.680858146359 0.732415308781
0.716286408134 0.625380528474 0.865145893671 0.501520271439
0.616905378028 0.279017607006 0.467619547936 -0.883929837933
0.346436173031 0.302722864407 -0.614253981199 -0.789108387094
0.313442770363 0.666422704747 -0.746228523379 0.665689860893
0.723654663191 0.388292690946 0.894620003043 -0.446827763413
0.666412934579 0.686564733887 0.66565318621 0.746261238232
0.376681924817 0.2825310499 -0.493270405086 -0.869876029941
0.332067096624 0.685198397251 -0.671731828918 0.740794404689
0.263806602034 0.58193009757 -0.944775271292 0.327718914246
0.730351400714 0.59715089203 0.921405910741 0.388601528112
0.737653919801 0.422407124108 0.95061596655 -0.310369592809
0.683986686111 0.330739776027 0.735946238508 -0.677039979636
0.725647507592 0.392374514453 0.902590563351 -0.430500028978
0.328666671415 0.317942277896 -0.685332460037 -0.728230333905
0.614577540958 0.722197824136 0.458308902433 0.888792973617
0.372772303733 0.715205039186 -0.508908941727 0.860820358165
0.386180282489 0.722587294451 -0.455277064105 0.890349816028
0.361650672076 0.708229608046 -0.553395651361 0.832918515255
0.665223112798 0.687620483889 0.66089142447 0.750481528795
0.745379302337 0.452156388213 0.981517372176 -0.191373060059
0.660075914232 0.307969872594 0.640303788257 -0.768121773383
0.688756077075 0.336075430927 0.755023941446 -0.65569722269
0.498576716981 0.749995947658 -0.00569308655588 0.999983794251
0.582905308488 0.735853256697 0.331619262442 0.943413305385
0.330736726563 0.683982762028 -0.677054407153 0.735932965531
0.290244179658 0.363975738384 -0.839023394426 -0.544095344223
0.650660415916 0.699503039379 0.602640709521 0.79801264102
0.538829743263 0.253034099762 0.155317937229 -0.987864534425
0.679519038582 0.32600851759 0.718075545278 -0.695965165273
0.715192215522 0.627249301199 0.86076921023 0.508995448624
0.426169334886 0.261159123284 -0.295330492603 -0.955395153923
0.489579988376 0.749782753666 -0.0416797145726 0.999131023136
0.662868930704 0.310332886053 0.651475776476 -0.758669435699
0.749801353565 0.509964158247 0.999205421382 0.039856315434
0.258431500348 0.435620731214 -0.966274209219 -0.257515344395
0.514917372594 0.749554453988 0.0596690403048 0.998218215436
0.699936471061 0.650084259095 0.799747313119 0.600336768122
0.449097805278 0.744763123067 -0.203607314698 0.979052634643
0.745867469548 0.545268122096 0.983469997599 0.181071156794
0.334696377609 0.687549512708 -0.66121354813 0.750197736446
0.310234029831 0.662754408324 -0.759063538839 0.651016546645
0.463504338497 0.747321805098 -0.145981541742 0.989287313914
0.697597416536 0.653150870874 0.790390711585 0.612603071361
0.749834365993 0.509098888986 0.99933747284 0.0363952658764
0.251952403266 0.468816745554 -0.992190462109 -0.124732060431
0.691031887931 0.338733329529 0.764127237532 -0.645065550825
0.622725867534 0.282196297648 0.490901567368 -0.871215043003
0.383925801311 0.721420108213 -0.464294825594 0.885680707098
0.640983659848 0.293544881153 0.563933030373 -0.825820523633
0.355928999016 0.295687356488 -0.576282464581 -0.817250586428
0.554051543045 0.255913027386 0.216204643811 -0.976348069079
0.590751971094 0.267053370294 0.363005874919 -0.931786850505
0.58168194992 0.736279667178 0.326725905716 0.945119136688
0.44208652476 0.743199618142 -0.231652289319 0.972798651753
0.298715249661 0.64827192118 -0.805138943143 0.593086235074
0.645973998966 0.29704408177 0.5838972908 -0.811827539442
0.28829930438 0.367025214598 -0.84680715034 -0.531900037727
0.336446149524 0.310922617165 -0.654214349527 -0.75630918603
0.651628911026 0.301231836814 0.606514302907 -0.795072575536
0.662634367008 0.310131139825 0.650536375161 -0.759475098073
0.281249690096 0.378969591872 -0.875001706764 -0.48411983347
0.738835916788 0.426135837156 0.955355608053 -0.295458393282
0.646355384038 0.702682515711 0.585420096637 0.810730109502
0.657764309304 0.693934367427 0.63105603246 0.775737251843
0.408605144162 0.732695158332 -0.365577401972 0.930780942632
0.632643650284 0.288090202993 0.530572843906 -0.84763934389
0.383152102667 0.278987218531 -0.46738964214 -0.884051425213
0.314500408422 0.332399208748 -0.741997901783 -0.670402202972
0.261835574253 0.576011487763 -0.952657972687 0.304044054497
0.718359811942 0.378266383148 0.87343955328 -0.48693258955
0.408550007241 0.732673498208 -0.365797945036 0.930694291058
0.265554287488 0.413199842498 -0.937790592678 -0.347201388655
0.364821447005 0.289698164021 -0.540712493588 -0.841207465063
0.412743470488 0.265721740994 -0.349024250615 -0.9371136924
0.527203232134 0.251484427134 0.108812083675 -0.994062337304
0.370918792731 0.285901580049 -0.516323036974 -0.856393905566
0.646661972203 0.297539231406 0.586646474623 -0.809843141486
0.296225710772 0.644831413477 -0.815097229018 0.579324181479
0.53850716692 0.747015449184 0.154028219161 0.988066449032
0.301049731565 0.651389913199 -0.795800963166 0.605558277149
0.294548471191 0.357559046443 -0.821808468365 -0.569763846978
0.310714948013 0.663313474268 -0.757139849016 0.653252821679
0.574017282776 0.261208290586 0.296067257527 -0.955167094817
0.672114301949 0.681319177539 0.688457183233 0.725276986299
0.27543623776 0.390131233852 -0.898255691721 -0.439473221358
0.324184665488 0.322266834393 -0.703260688294 -0.710932067289
0.286639823474 0.369702146106 -0.853440900043 -0.521189629727
0.258737078461 0.434484933536 -0.965051979522 -0.262058537011
0.748535086273 0.52702432017 0.994140412076 0.108096443405
0.484937620553 0.749545839944 -0.0602490403088 0.99818337651
0.698835481084 0.348459356424 0.795341811237 -0.606161202402
0.458043926627 0.253545747695 -0.167823048028 -0.985817135452
0.693911579518 0.342207680732 0.775646096415 -0.631168070419
0.622803867319 0.282240266527 0.491213567629 -0.871039167304
0.26736152735 0.408460955606 -0.930554207091 -0.366154158333
0.325272036081 0.678802291396 -0.698911114427 0.71520853891
0.310603619333 0.336815647196 -0.757585165037 -0.65273633093
0.499550282181 0.250000404489 -0.00179885688615 -0.999998382056
0.383005074192 0.720934898738 -0.46797790225 0.883740167134
0.322925797506 0.32352098171 -0.708296156032 -0.705915402404
0.250021092665 0.503247377966 -0.99991563408 0.0129894080468
0.666021288408 0.686914461452 0.664084356435 0.747657653969
0.433298526672 0.259062359732 -0.26680412255 -0.963750777011
0.635412793394 0.710150979939 0.541649652729 0.840604338377
0.354200738337 0.703082956074 -0.583195540824 0.812331804845
0.335363862263 0.688135711144 -0.658543609113 0.752542566834
0.32807869804 0.318497412546 -0.687684372291 -0.726009782377
0.349177820278 0.300619001877 -0.603287341624 -0.797523907752
0.281223628416 0.620981896104 -0.875108318541 0.483927092464
0.250138247452 0.491687053754 -0.999447015322 -0.0332515197329
0.614081160462 0.722453524132 0.456322657416 0.889814380828
0.618366822608 0.720203016485 0.473465392203 0.880812421794
0.333202572121 0.313777712799 -0.667188734354 -0.744888711655
0.68676962394 0.666184328031 0.747078065789 0.664736311343
0.403757179703 0.730732231898 -0.3849693021 0.922929377819
0.302478830798 0.653249810699 -0.790084528918 0.612997909593
0.343148633227 0.305326510974 -0.627404224449 -0.778693738991
0.640710524642 0.293358629317 0.562840485865 -0.826565537312
0.425240976925 0.261439510428 -0.299034258771 -0.954242375962
0.748052852471 0.468858553206 0.992211471063 -0.124564829269
0.563047264678 0.741919511592 0.252187394355 0.96767841669
0.277222463484 0.613447078146 -0.891110508189 0.453786361843
0.684536937454 0.668657947608 0.73815162521 0.674634848047
0.749333262746 0.481753719902 0.997333071896 -0.0729845442667
0.27422541536 0.392641199761 -0.903098637214 -0.429433174617
0.294541043661 0.642431475239 -0.821835864762 0.569724329295
0.291285106982 0.63761534906 -0.834861098296 0.550460667579
0.66519342559 0.312353382529 0.660772685729 -0.750586076206
0.718486478832 0.621506159763 0.873946169303 0.486022729057
0.685467426957 0.667636381196 0.741869248062 0.670544568824
0.747920670728 0.532176841914 0.991682745481 0.128706380242
0.443973702936 0.2563591205 -0.224103971821 -0.974565241435
0.749962021097 0.495642483669 0.999848087301 -0.01742992602
0.305475784221 0.657036454327 -0.778096643308 0.628144580231
0.436371667308 0.258232623884 -0.25451161448 -0.967069717288
0.63281845646 0.288199724357 0.53127207598 -0.847201263741
0.659722900288 0.692324499299 0.638890443046 0.769297732861
0.250341104827 0.513055160973 -0.998635593035 0.0522202290569
0.355810223479 0.295771159382 -0.57675756336 -0.816915364715
0.344971247872 0.696128021813 -0.620113733337 0.784511923254
0.691117423481 0.661165272856 0.764469421335 0.644659990882
0.739126693433 0.572927431787 0.956507422567 0.291707988534
0.717136661774 0.623902230639 0.868546871643 0.495607033606
0.344178932514 0.695499132194 -0.623283012658 0.781996346623
0.585253070121 0.735014395158 0.341010834403 0.940059365583
0.250011834343 0.502432501449 -0.99995266313 0.0097299279754
0.397474138145 0.271990095001 -0.410101409572 -0.912039929974
0.433843433066 0.25891218729 -0.264624522256 -0.964351524197
0.426930795556 0.26091647822 -0.292274953439 -0.956334330447
0.524166577975 0.748829186313 0.0966655698248 0.995316918178
0.458792838392 0.746580579325 -0.16482741717 0.986322423221
0.408607804275 0.267303833446 -0.365566811285 -0.930785102205
0.40476004565 0.731148019078 -0.380957798749 0.924592426733
0.269783248793 0.59746756069 -0.920870156916 0.389869406471
0.339700769866 0.691844390936 -0.641195801386 0.767377315462
0.664326579328 0.688406202656 0.65730527059 0.753624429842
0.74838272078 0.471609329116 0.993530933896 -0.11356180428
0.332959534364 0.686004304144 -0.668160913128 0.744016796966
0.682132158036 0.328745815692 0.728528108931 -0.685015908208
0.577467118 0.262305065865 0.309866571983 -0.950780052151
0.691004253966 0.33870060619 0.764016711636 -0.645196454068
0.734793183173 0.585861584627 0.939173029831 0.343444347804
0.48858362431 0.749739198568 -0.0456651393791 0.998956803393
0.571011744424 0.739702612939 0.284045201928 0.95881089025
0.251398363846 0.526405106032 -0.994406606536 0.105619604605
0.429514698013 0.260142005153 -0.281939381771 -0.959432220121
0.699505845174 0.349344301168 0.798025791002 -0.602623296011
0.252466654038 0.535032093928 -0.990133493923 0.140127314299
0.749689098076 0.512463483014 0.998756539051 0.0498535425352
0.299117143139 0.351184215234 -0.803531705467 -0.595261957721
0.315283855328 0.331536213242 -0.738864224925 -0.673854329307
0.504866075485 0.749952638511 0.0194641463738 0.999810555558
0.730589716539 0.403416119368 0.92235917111 -0.386333482201
0.479014843725 0.250882693211 -0.0839400957522 -0.996470802545
0.528528678439 0.251633092175 0.114113830366 -0.993467681266
0.533720681637 0.252285109433 0.134881973951 -0.990861672032
0.702016617034 0.352726796673 0.808066443527 -0.589091353565
0.274862052253 0.608677604988 -0.900567642629 0.434715908438
0.472092601707 0.25156252782 -0.11162873284 -0.993749981637
0.665913557134 0.312989804753 0.663653229201 -0.748040367474
0.738351835079 0.575421658493 0.953407726186 0.301684781931
0.405484098946 0.268554962919 -0.378061569331 -0.925780454425
0.622446186823 0.282038944439 0.48978284367 -0.871844462073
0.266302782111 0.411198765597 -0.93478921145 -0.355202942212
0.264345626785 0.416531935865 -0.942618889991 -0.33387067591
0.671645792583 0.318238243611 0.686585123349 -0.727049426377
0.264747827212 0.415404114063 -0.94100898897 -0.338381563736
0.69105596008 0.338762560971 0.764224930329 -0.644949808795
0.439808718077 0.74264590621 -0.240763473102 0.970583819162
0.250315955529 0.487435001729 -0.998736188018 -0.0502595935522
0.452631970094 0.74547139607 -0.189470859383 0.981886344464
0.250114683025 0.507571576249 -0.99954127197 0.0302860632779
0.588640030709 0.266241578043 0.354558110804 -0.935033981235
0.372592501337 0.715098629025 -0.509628173582 0.86039474934
0.335585338621 0.311670671182 -0.657657627128 -0.753316962162
0.596599365405 0.730583230058 0.386395421293 0.922333225252
0.404354867605 0.269019327809 -0.382578491149 -0.923922993604
0.293705152409 0.358783203501 -0.82518181772 -0.564867212453
0.623694414311 0.282744887083 0.494775766556 -0.869020679172
0.60613292864 0.726353429724 0.424529683712 0.905414020019
0.370551954219 0.286123166943 -0.517790378263 -0.855507524326
0.319620599965 0.673099369976 -0.721517022325 0.692396697345
0.691500511693 0.33929010607 0.76600177541 -0.642838455654
0.310413389141 0.337037825756 -0.758348327551 -0.651849533328
0.385977729624 0.722483716519 -0.456087093888 0.889935145271
0.348083580852 0.301451533538 -0.607664427864 -0.79419389516
0.338450045157 0.690792376994 -0.646198707689 0.763169201542
0.498130270742 0.749993007968 -0.007478857217 0.999972032956
0.538425368591 0.25297065946 0.153700325572 -0.988117508153
0.666098771544 0.686845701859 0.664394110025 0.747382409857
0.301328517262 0.651755577993 -0.794685825549 0.607020954063
0.345554095716 0.303412667256 -0.617782316833 -0.786349164817
0.341312947038 0.693179025875 -0.634749061082 0.772718337724
0.744872405739 0.550373621288 0.979489940222 0.201493069368
0.409292904349 0.732964112973 -0.362826365697 0.931856763862
0.257701336926 0.438425768074 -0.969194847196 -0.246295245933
0.749980133545 0.503151651103 0.999920534876 0.012606503601
0.662945317773 0.310397937351 0.651780200969 -0.758407917696
0.688643366715 0.335945743985 0.754573110883 -0.656215986038
0.622661984962 0.717839681648 0.490646043385 0.871358973162
0.263619600311 0.581390024601 -0.945522007668 0.325558186835
0.530827176321 0.748092104855 0.123307756177 0.992368478574
0.406094758769 0.731693474731 -0.375618930271 0.926774200775
0.339120385011 0.691357957031 -0.64351733316 0.765431539671
0.362344268545 0.291311238072 -0.550621278173 -0.834755178494
0.41871309774 0.263584083377 -0.325145654785 -0.945663948332
0.706998718765 0.640183978308 0.827995533171 0.560734693994
0.258828238643 0.434150136186 -0.964687328745 -0.26339771783
0.586554781428 0.265461471833 0.346217130082 -0.938154410978
0.724910272293 0.60915789488 0.899641386811 0.436629562829
0.459608473127 0.253284502865 -0.161564898963 -0.986862089364
0.397105994919 0.272155994991 -0.411573991752 -0.911376348889
0.663710059929 0.311059358467 0.654842172504 -0.755765657535
0.558884353632 0.742966355928 0.235535799821 0.971865673333
0.254994331427 0.549710160468 -0.980031759029 0.198841020149
0.749656761164 0.513095912582 0.998627055902 0.0523832341554
0.411936326884 0.733976160581 -0.352252683824 0.935904934669
0.567138245929 0.740816283538 0.2685512209 0.963265405666
0.64845325249 0.298849181579 0.593812008762 -0.804603814464
0.714310628363 0.628726582526 0.857246258339 0.514906644513
0.536190927681 0.252633417938 0.144762613802 -0.989466414612
0.684466895224 0.668736732787 0.737867109079 0.674946019574
0.263325070154 0.419470894725 -0.946700651028 -0.322114695943
0.74595534094 0.544788169154 0.98382152276 0.179151364364
0.276192736812 0.388598077146 -0.895229340917 -0.445605685738
0.717960014692 0.622448034621 0.871840307119 0.489790239677
0.647421911631 0.298092034988 0.589686490725 -0.807632244686
0.317509124728 0.329135561621 -0.729977837097 -0.683470816749
0.668019267922 0.6851206334 0.672076123873 0.740482061714
0.250246545301 0.488900181865 -0.999013881668 -0.0443989215448
0.518816986856 0.250709158224 0.0752673538051 -0.997163389546
0.332857686922 0.314087208965 -0.668568303863 -0.743650739978
0.419348855828 0.263366457274 -0.322602640975 -0.946534487505
0.55522187407 0.743824834705 0.220885969908 0.975299640263
0.687422025013 0.334551798518 0.749687689232 -0.661791786451
0.688900095677 0.663758587955 0.755600017555 0.655033291879
0.71512560224 0.372638053291 0.860502647202 -0.50944596785
0.258924951855 0.43379744505 -0.964300988466 -0.264808617011
0.749942982273 0.494660914057 0.999771930927 -0.0213561731178
0.32409807063 0.677647501377 -0.703606994244 0.710589331225
0.331117832289 0.315666435256 -0.6755281459 -0.73733420109
0.717779245137 0.622769176901 0.871117359887 0.491074887674
0.367785417573 0.712177764158 -0.528856566336 0.848711218403
0.648307258571 0.701258707907 0.593227599209 0.805034791507
0.642516766599 0.294600200272 0.570065503142 -0.821599246669
0.676483345516 0.677068664232 0.705935162387 0.708276461917
0.280819250685 0.620249273637 -0.876723247111 0.480995164191
0.673311358512 0.680175364504 0.693245383427 0.720701629217
0.473363947123 0.748576999716 -0.106543384476 0.99430805449
0.510633001806 0.749773776723 0.0425316687272 0.999095119173
0.709241606582 0.63681220018 0.836969721037 0.547249199238
0.691703774055 0.339532609875 0.766814803196 -0.641868411436
0.333682230185 0.313349215183 -0.665270121075 -0.746602749797
0.564924483038 0.258577459796 0.259696190774 -0.965690368854
0.749762351139 0.489101908612 0.99904941615 -0.0435920186483
0.316378962413 0.669656816612 -0.734483653738 0.678626379087
0.712381035221 0.631887814675 0.849524301372 0.527549487138
0.293174600872 0.359560112568 -0.827301654044 -0.561757931155
0.252432383052 0.534789137003 -0.990270543841 0.139155488573
0.258577463198 0.435075665245 -0.965690516685 -0.259695641057
0.25164865786 0.528663866358 -0.993405419603 0.114654578207
0.50082306133 0.749998645147 0.00329221898139 0.999994580632
0.693464251071 0.341659538813 0.773856764186 -0.633360646491
0.317605056485 0.329025720842 -0.729579252542 -0.68389627449
0.74954269798 0.484885670016 0.998170812221 -0.0604568410479
0.307747608899 0.340190321196 -0.769009314333 -0.639237572792
0.629104227552 0.285915448618 0.516415096992 -0.856338395495
0.669931985592 0.31663358172 0.679727050926 -0.7334651568
0.711555405129 0.633208151505 0.846221766961 0.532830856014
0.671443221511 0.318045776465 0.6857720678 -0.727816371776
0.270094940461 0.401797511326 -0.919620543456 -0.392807912413
0.401070529822 0.729593132482 -0.395715899555 0.918372978065
0.730990090488 0.595622239963 0.923960870582 0.382487005837
0.282004237243 0.377615612039 -0.871983286724 -0.489535644947
0.428180265294 0.739461806712 -0.287277106689 0.957847516034
0.706387868013 0.358917909246 0.825551519796 -0.564326756554
0.615589487655 0.278326474262 0.462355983788 -0.886694391691
0.285395469649 0.371761970358 -0.858418313419 -0.512950289196
0.43507704813 0.258577081481 -0.259690099678 -0.965692006868
0.596236595066 0.269265132719 0.384944345997 -0.922939787031
0.748758391765 0.524885084348 0.995033605391 0.0995395606929
0.25176738471 0.470325722152 -0.992930617108 -0.118696207225
0.304993549956 0.656437218849 -0.78002558751 0.625747619116
0.748752063416 0.475052551523 0.995008616009 -0.0997890478366
0.288429260038 0.63318346961 -0.846283691901 0.532732496496
0.704715233737 0.356501846436 0.818861363169 -0.573991348287
0.342599469994 0.694229742208 -0.62960088766 0.776918735942
0.657775995847 0.306075144985 0.631102788559 -0.775699213789
0.724797894828 0.609389139375 0.899191872888 0.437554540293
0.401875711359 0.729938445579 -0.392495113348 0.91975408996
0.347593434615 0.698172538858 -0.60962490751 0.792690022735
0.363931430567 0.290272949797 -0.54427263194 -0.838908399124
0.746826395172 0.539707819365 0.987305925707 0.158830126438
0.738110903936 0.576178995168 0.95244387275 0.304714077885
0.519976594771 0.749200599584 0.0799057500077 0.99680242331
0.603016284007 0.272211843302 0.412063990923 -0.911154908555
0.334845053607 0.687680490889 -0.66061875688 0.750721558275
0.678807392523 0.674722751491 0.715228927965 0.698890249325
0.251297170944 0.525434383034 -0.994811356934 0.101736739256
0.377668374826 0.718017027901 -0.489338842816 0.87209374319
0.300054001326 0.650072348953 -0.799783920092 0.600287998515
0.270529653304 0.400800957604 -0.91790354777 -0.396803574821
0.284476952154 0.626688239302 -0.862092403637 0.506751110104
0.747282101244 0.536763741266 0.989128487445 0.147053851782
0.745969588856 0.544709435154 0.983878809605 0.178836484
0.362100586069 0.708527020901 -0.55159748286 0.834110434477
0.316071154055 0.33067692489 -0.735714876035 -0.677291385727
0.353046498108 0.297750704669 -0.587812543305 -0.80899716559
0.4194658445 0.736672724412 -0.322135490915 0.946693575289
0.265889889707 0.587706635373 -0.936441153999 0.350824692826
0.658173656141 0.306399352618 0.632693431353 -0.774402364358
0.702537244797 0.646556392403 0.810148951776 0.586224083381
0.606735710614 0.726069785086 0.426940863985 0.904279546744
0.636231889192 0.709621002528 0.544925909573 0.838484199658
0.622698868165 0.282181099147 0.49079359107 -0.871275875349
0.685561299013 0.332467558096 0.742244786082 -0.670128851442
0.744966943303 0.549851388456 0.979915377567 0.199413772864
0.402855094375 0.269646075408 -0.388577583627 -0.921416008924
0.279563413082 0.617931188522 -0.881746837292 0.471722921773
0.251329788782 0.474248800978 -0.994680941845 -0.103003999587
0.300988763029 0.651309697346 -0.796044954188 0.605237499592
0.721575597333 0.615777103326 0.886302669301 0.463106443908
0.71584640298 0.373863467925 0.863385822956 -0.504544270326
0.495813676878 0.250035052882 -0.0167451586291 -0.999859790002
0.326333449987 0.320166594071 -0.694665407969 -0.719333004227
0.328237588809 0.318347042946 -0.687048808038 -0.726611268406
0.534005792232 0.252323567904 0.136022130704 -0.990705798892
0.312515704229 0.334622374173 -0.749936789102 -0.661509495285
0.250457051876 0.515109532084 -0.998171973827 0.0604376593463
0.678761508251 0.325230342756 0.715045467315 -0.69907794964
0.276810599317 0.612634480576 -0.892758215419 0.450536090454
0.666997918725 0.31395748208 0.667990697464 -0.744169623205
0.726180642792 0.393499428551 0.904723010611 -0.426000321679
0.554422612237 0.744004508724 0.217688910636 0.976018205868
0.608372263682 0.274710125762 0.433487036928 -0.901159802041
0.623490290159 0.282628890277 0.493959429087 -0.86948495238
0.250467058395 0.484725523024 -0.99813180724 -0.0610974252738
0.508835952696 0.25015619576 0.0353435289328 -0.999375222308
0.352413223228 0.701787651169 -0.590345641943 0.807150557851
0.328467903314 0.68187044296 -0.68612756804 0.727481244002
0.250011058715 0.497648558631 -0.999955765517 -0.00940569024702
0.286020652995 0.629278523384 -0.855917571799 0.517112280153
0.275686766626 0.389620420986 -0.897253226394 -0.441516305163
0.514340800414 0.749588346794 0.0573627466298 0.998353402007
0.749645580142 0.48669751425 0.998583367113 -0.0532095755022
0.495534521937 0.749960116073 -0.0178617694784 0.99984046587
0.500396388198 0.749999685753 0.00158554010952 0.99999874303
0.497835601935 0.250009369339 -0.00865752301148 -0.999962522945
0.742386313195 0.43877175451 0.969545484817 -0.244911316338
0.292378750277 0.360739421313 -0.830485169074 -0.55704073814
0.749197650976 0.520013319627 0.996790636693 0.0800526489293
0.345262112553 0.303642418719 -0.618950273425 -0.785430174508
0.591403293945 0.267308400068 0.365611486545 -0.930767554713
0.270864534867 0.400015096607 -0.91654234808 -0.39993765036
0.31833114019 0.671745582835 -0.726674896464 0.68698150983
0.270669807889 0.599537579246 -0.917321073485 0.398148274064
0.561767173351 0.257750469147 0.247067026745 -0.968998392308
0.256610281322 0.5571092773 -0.97355904625 0.228435512703
0.465215772743 0.252431802375 -0.139135909911 -0.99027329489
0.390978062831 0.275023906754 -0.436085909695 -0.899905039082
0.676683528102 0.32312985468 0.706733445611 -0.707479919754
0.436106349309 0.258302772698 -0.255573047126 -0.966789748385
0.660723574599 0.691488803841 0.642893623903 0.765955474126
0.352911716149 0.297848701162 -0.58835166668 -0.808605167134
0.276502148178 0.387978616584 -0.893991693664 -0.448083532011
0.382507550681 0.720670818009 -0.469967840256 0.882683538492
0.281111658552 0.37921985462 -0.875554590924 -0.483119196795
0.339112416804 0.691351261699 -0.643549198276 0.765404748743
0.260307039942 0.428955492765 -0.958772074963 -0.284176192301
0.331068728187 0.684288480372 -0.675724731789 0.737154045535
0.737168984706 0.579062649173 0.948676319864 0.316248699806
0.663572518467 0.310938759408 0.654289007445 -0.756244599806
0.677328506209 0.676223387503 0.709313580458 0.704893073152
0.652146375675 0.698372366532 0.608584145983 0.793489342876
0.288606081579 0.633463286733 -0.845577600911 0.533852527238
0.635985192094 0.290218850901 0.543939069328 -0.839124715915
0.535387461518 0.252517201573 0.141548771843 -0.989931283065
0.707923962441 0.638808244052 0.831695952434 0.555231341609
0.574226783216 0.26127333089 0.296905258871 -0.954906941673
0.577170294212 0.262211568043 0.30868284379 -0.951165023511
0.643560561925 0.295328439041 0.574240818907 -0.818686436862
0.527261105758 0.251490786078 0.109043583923 -0.994036969536
0.744006942481 0.554411587019 0.976028036189 0.217644831257
0.380835304047 0.719772296843 -0.476656843431 0.87908944574
0.284997270311 0.627569284021 -0.860011116789 0.510275297265
0.437144280074 0.258030605464 -0.251421174529 -0.967877777924
0.250002452005 0.50110725169 -0.999990192058 0.00442897133175
0.744705998341 0.551167074991 0.978831379203 0.204668344128
0.716849555738 0.624404013912 0.867398476136 0.497614191515
0.411868580131 0.73395065107 -0.35252367047 0.935802896853
0.251750612401 0.470466158208 -0.992997608482 -0.118134455386
0.527924937809 0.251564492266 0.111698887554 -0.993742098595
0.295475136372 0.356230688058 -0.818099958927 -0.575076044713
0.613176967086 0.277085094959 0.452705876665 -0.891659906709
0.286381109307 0.629873169717 -0.85447592873 0.519490988585
0.704594532182 0.643667741983 0.818383166274 0.574672944517
0.343178029463 0.305302827816 -0.627286635111 -0.778788467693
0.291724006951 0.638279473157 -0.833104083921 0.553116249404
0.302782457596 0.653640222528 -0.788870266691 0.614559763026
0.738685892729 0.574357805155 0.954743832414 0.297429343654
0.727933135286 0.39730523629 0.911735335708 -0.410778136738
0.366846196962 0.711589606111 -0.532613479721 0.846358600842
0.689312842219 0.336718739383 0.757251007496 -0.65312396346
0.699839482481 0.34978583193 0.799357835903 -0.600855265585
0.592944077555 0.267919285635 0.371774278592 -0.928323158053
0.707169724792 0.360072728669 0.828686727693 -0.559712700719
0.259969940848 0.56989711521 -0.96012046655 0.279586640798
0.647176312286 0.297912784796 0.588703789387 -0.808348840762
0.552671217197 0.255611449591 0.210683366255 -0.977554356127
0.574509401243 0.261365359906 0.298040247719 -0.954553304295
0.349097130338 0.69931992903 -0.603610113826 0.797279643843
0.597941918626 0.730016149139 0.391765684478 0.920065024042
0.714993653639 0.372415421471 0.85997481405 -0.510336476455
0.716936834023 0.375748505262 0.867748037789 -0.497004369109
0.713478322597 0.369896768726 0.853915197176 -0.520412178981
0.266923734731 0.409581518073 -0.932305428624 -0.361671933883
0.340156829425 0.307775474857 -0.639371582149 -0.768897899555
0.39025779811 0.275374267166 -0.438966816737 -0.898503274231
0.7367865501 0.580200846005 0.947146471075 0.320801437543
0.644518310336 0.703996492169 0.578071707512 0.815985968614
0.400622021915 0.270600642125 -0.397509928576 -0.917597873081
0.550752417819 0.255206001269 0.203008389101 -0.979176998277
0.492820864479 0.250103100937 -0.0287163128887 -0.999587601651
0.676831877995 0.676721782459 0.707326939557 0.706886554248
0.255679453757 0.447014245548 -0.977282352223 -0.211941510879
0.682205561758 0.671176058067 0.728821778518 0.684703450523
0.301059653908 0.651402940585 -0.795761295306 0.605610403554
0.322075642318 0.675621872078 -0.711696789739 0.702486782421
0.330340874969 0.683616588368 -0.678640231086 0.734470854937
0.53048851346 0.748133951367 0.121953114222 0.99253586229
0.747644591429 0.534236901304 0.990578436847 0.136946560574
0.74870262188 0.525436393013 0.99481053462 0.101744779768
0.279780347635 0.61833545735 -0.880879651703 0.473340299589
0.375350361219 0.283291530047 -0.498596675618 -0.866834098927
0.727366753442 0.603944362576 0.909467319485 0.415775413883
0.551974823856 0.255462399422 0.207897807744 -0.978150551569
0.745819219422 0.545529145845 0.983277186102 0.182115280226
0.681718200209 0.328306617486 0.72687224754 -0.686772695844
0.283155605103 0.375586977499 -0.867377810113 -0.497650213025
0.258730787037 0.434508045021 -0.965077082822 -0.261966074542
0.749996502156 0.498677531422 0.999986008741 -0.00528983199547
0.287787759865 0.632159243713 -0.8488491147 0.52863520548
0.466274335 0.252285315266 -0.134901654633 -0.990858992782
0.706008088012 0.358363930061 0.824032393518 -0.566542685446
0.598364167749 0.729835864438 0.393454727069 0.919343993153
0.333068495214 0.313897891123 -0.667725045741 -0.744407995182
0.310261286166 0.33721383326 -0.758954544748 -0.651143608589
0.421621867815 0.737379083707 -0.313530876091 0.949578006136
0.252281249053 0.466303877465 -0.990875077207 -0.134783461042
0.382838600605 0.279153337769 -0.468643800566 -0.883387224376
0.472012785921 0.748428485189 -0.111947997347 0.993714066465
0.516464010665 0.250542774323 0.0658555378843 -0.997829167809
0.561868907985 0.742223586013 0.247473946818 0.968894548259
0.26980261678 0.40248472372 -0.920789838575 -0.390059063703
0.251288031768 0.474655139781 -0.994847912602 -0.101378650566
0.28258588799 0.623414715283 -0.869656704552 0.493656982355
0.637556050376 0.708754275465 0.550222926794 0.835017802703
0.334726650347 0.687576215359 -0.661092406675 0.750304491414
0.712611247214 0.368483628043 0.850445159172 -0.52606371405
0.597486549647 0.269790449695 0.389944156903 -0.920838506198
0.541261614238 0.253428526875 0.16504522647 -0.986285999708
0.681138194039 0.327695615214 0.724553804293 -0.689218241695
0.259953775725 0.430158458088 -0.960185166697 -0.279364360031
0.258440336671 0.43558761896 -0.96623889905 -0.257647802169
0.29329254629 0.640613412789 -0.826829900285 0.562452056618
0.617831574389 0.27951016625 0.471324491583 -0.881959876431
0.44537553739 0.256040596817 -0.218496305849 -0.975837775622
0.710003937154 0.635640887035 0.840015864233 0.5425618378
0.715600264953 0.626556789614 0.862401264545 0.506225304496
0.404461671444 0.731024868364 -0.382151276425 0.924099779205
0.255480013435 0.447942381099 -0.978080103409 -0.208228987695
0.674006286687 0.679504697926 0.696024364876 0.718018163767
0.503583360467 0.250025682061 0.0143333272616 -0.999897272588
0.528497969084 0.251629566686 0.113990993827 -0.993481783087
0.598810906628 0.72964415763 0.395241683329 0.918577167014
0.352584922885 0.298089623997 -0.589664065435 -0.807648617862
0.492436495789 0.250114438481 -0.0302537753693 -0.99954224977
0.669604410585 0.683669435469 0.678416771115 0.734677265655
0.318240505693 0.67164955151 -0.727037655266 0.686597587984
0.293511252173 0.64093431192 -0.825955206385 0.56373575108
0.464563628218 0.747475793173 -0.141744415335 0.98990328857
0.617202788853 0.279175203114 0.468809198074 -0.883299459867
0.366848919488 0.711591324306 -0.532602580676 0.846365459514
0.2565974496 0.442945441809 -0.973610376896 -0.228216638308
0.59118432373 0.267222472791 0.364735560643 -0.931111148468
0.605939467874 0.726444037744 0.423755841332 0.905776455278
0.65401440156 0.696925574287 0.616056289374 0.787702131724
0.544306904216 0.746042503335 0.177226308296 0.984170125358
0.718961082492 0.620648719803 0.875844716583 0.482593029823
0.255670042852 0.552942347927 -0.977319990118 0.211767884524
0.706604316194 0.359235073615 0.826417317939 -0.56305809346
0.25001012689 0.497749804541 -0.999959492791 -0.00900070984556
0.641084943649 0.293614084408 0.564338172335 -0.825543716133
0.312917455969 0.33416803912 -0.74832978859 -0.66332686325
0.68935260404 0.336764868687 0.75741008934 -0.652939473891
0.636251029859 0.290391486799 0.54500256157 -0.838434378996
0.381342603267 0.720046605352 -0.474627642852 0.880186685107
0.463971766722 0.74739033241 -0.144111839342 0.989561406766
0.299218386957 0.648952464883 -0.803126516569 0.595808524934
0.635658961855 0.70999225734 0.542634145208 0.839969156847
0.643542701204 0.295315845157 0.574169249218 -0.818736632412
0.301662904772 0.347807659182 -0.79334827913 -0.608768024785
0.538870214054 0.253040271157 0.155479699631 -0.987839087606
0.412957250563 0.265647666559 -0.348176228437 -0.937429098093
0.261377138938 0.425440180508 -0.954491723865 -0.298237403881
0.292594392911 0.360418461674 -0.829622598824 -0.558324586168
0.296919573002 0.354197273214 -0.812321797557 -0.583209479701
0.539206481797 0.253093413582 0.156824750306 -0.987626446432
0.250247465948 0.511120823763 -0.999010144075 0.0444829409469
0.749930637098 0.494111292265 0.999722550913 -0.0235546427709
0.316885068883 0.329797123079 -0.732459352508 -0.6808107644
0.630901245951 0.287009878905 0.52360391265 -0.851961819953
0.745791306463 0.45432033579 0.983165486204 -0.182717341097
0.470588446617 0.25173609347 -0.117645304732 -0.993055679343
0.299674835505 0.350436650787 -0.801305368077 -0.598255553331
0.340516978246 0.69252346871 -0.637930910219 0.770093600666
0.680659102405 0.672807434912 0.722635833672 0.691228943183
0.620572858413 0.719002910795 0.482289506362 0.87601189036
0.674126881304 0.320612303893 0.696506791778 -0.717550199643
0.318270904522 0.671681833678 -0.726915862219 0.686726531637
0.514063841089 0.749604106438 0.0562549178728 0.998416438274
0.712713835744 0.368650491872 0.850857074913 -0.525397219322
0.354025311626 0.70295689058 -0.583897264591 0.811827558292
0.700719546646 0.649036128185 0.802878179362 0.596143128036
0.399503289555 0.728911504378 -0.401984805844 0.915646337769
0.366851622559 0.288406971029 -0.532591761684 -0.846372267614
0.580445246601 0.263296427438 0.321779107795 -0.946814768467
0.601587687443 0.72842944352 0.406348708046 0.913718078769
0.736727287991 0.41962440254 0.946909428066 -0.321500443298
0.693345142709 0.341514126382 0.773380338922 -0.63394230918
0.505110318482 0.250052235896 0.0204411105836 -0.999791058671
0.276578430271 0.612173446462 -0.89368656739 0.448691786494
0.691901492352 0.66023087163 0.76760571338 0.640922357845
0.250009485905 0.50217780835 -0.999962057093 0.00871116372847
0.320672086353 0.32581156369 -0.717311093108 -0.696753037815
0.25061576057 0.482464220457 -0.997536977123 -0.0701425639189
0.625493292651 0.716221013916 0.501971305633 0.864884274526
0.287176307051 0.368827702873 -0.851294961836 -0.524687419282
0.46340352444 0.252693095577 -0.146384797181 -0.989227724619
0.559668294404 0.257224957909 0.238671531718 -0.97110035524
0.736615535802 0.419296004756 0.946462414715 -0.32281402933
0.710254255745 0.635251155984 0.841019674554 0.541004535113
0.368028860322 0.287670735414 -0.527882795057 -0.849317228533
0.702233825609 0.353026016321 0.808936820732 -0.587895586022
0.388832662721 0.276076125084 -0.444667344074 -0.89569579273
0.433948637526 0.741116664273 -0.264203698534 0.964466902325
0.638659263801 0.708023303385 0.55463549076 0.832093427681
0.482375822358 0.250622026085 -0.070496163151 -0.997512050544
0.714699786813 0.628078408181 0.8587994742 0.512311880707
0.70653816581 0.359138095405 0.826152833701 -0.563446089141
0.677999930592 0.675545268346 0.711999097612 0.702180379247
0.736124762161 0.582128607687 0.944499601139 0.328512562086
0.748451210305 0.472216058101 0.993805323942 -0.111134954465
0.340555717188 0.692553082869 -0.637780806592 0.770217918996
0.311231299315 0.663910007523 -0.755074484845 0.655639018315
0.450185422295 0.744986779206 -0.19925687908 0.979947292531
0.613044971793 0.277018127139 0.452177892224 -0.891927773861
0.654026724447 0.303084064028 0.616105581322 -0.787663578353
0.403973556088 0.269177591575 -0.38410373811 -0.923289942743
0.745292366095 0.548286971827 0.981169919717 0.193146547064
0.376070809264 0.717121272304 -0.495714880149 0.868485323767
0.725911325496 0.607070677423 0.903645729828 0.428280743162
0.286736974948 0.369543184577 -0.853052273951 -0.521825466902
0.428562785299 0.739576212082 -0.285747017647 0.958305088114
0.721258618562 0.616381235535 0.885035568223 0.465523407554
0.319830092675 0.673317417582 -0.720679029026 0.693268877941
0.581670503773 0.736283668243 0.326680066309 0.94513498204
0.292783419121 0.360137948764 -0.828866405064 -0.559446585972
0.263941295723 0.582318498276 -0.944235103297 0.329272029942
0.589664252843 0.733367454225 0.358655019789 0.933470179909
0.494635557328 0.749942425672 -0.0214576003999 0.999769759187
0.541958188429 0.253546102235 0.16783150454 -0.985815695799
0.342667613195 0.305715139194 -0.629328476711 -0.777139413748
0.257581243747 0.561099711097 -0.969675215185 0.244397170721
0.690197459047 0.662249944192 0.760789523121 0.648998691454
0.326380809918 0.320121693349 -0.69447761206 -0.719514312816
0.521000027215 0.749116377606 0.0839994706897 0.996465799174
0.749146230279 0.520643586717 0.996584960905 0.0825736985862
0.427611677267 0.260709763064 -0.289551786898 -0.957162349189
0.427933714419 0.260612289879 -0.288263320984 -0.957551177627
0.727862701131 0.397147447857 0.911451197622 -0.411408208904
0.250633931824 0.482207683281 -0.997464292828 -0.0711687047316
0.610092676086 0.724454178732 0.440368699392 0.897817024007
0.297293366838 0.646321892504 -0.810826743528 0.5852862479
0.546166109465 0.745700440402 0.184663084509 0.982801885031
0.349472200512 0.699603319446 -0.602109854977 0.798413252984
0.616841075157 0.278983623062 0.467362371913 -0.884065842186
0.275493528331 0.609986009092 -0.898026178414 0.439942022185
0.321793077161 0.324665493062 -0.712828326179 -0.70133856118
0.354166526644 0.296941614036 -0.583332396341 -0.812233535
0.54225016917 0.746404005376 0.168999423917 0.985616149784
0.40349216852 0.730621555453 -0.38602928544 0.922486526071
0.43589371462 0.258358938094 -0.256423438855 -0.966564545183
0.252601475355 0.464028104153 -0.989594198004 -0.143886494421
0.258204353562 0.43647917309 -0.967182787964 -0.254081590568
0.614639951944 0.277833948932 0.45855786192 -0.888664552726
0.30318715256 0.345841572677 -0.787251222509 -0.616632396699
0.284984839964 0.372453413219 -0.860063901113 -0.51018632479
0.653700096851 0.697170975601 0.614799083095 0.788683768963
0.55127709786 0.255320154626 0.205110943325 -0.978738729656
0.263696609619 0.418386568477 -0.94521385904 -0.326451773896
0.346289303293 0.69716269654 -0.614841513321 0.788650691686
0.472330074952 0.748464044253 -0.110678841693 0.993856224009
0.747183531439 0.462579269681 0.98873422169 -0.14968179201
0.720922686066 0.617018147605 0.883691048255 0.468070647695
0.562141531535 0.257846230539 0.248564455226 -0.96861535792
0.405219063471 0.731335542643 -0.379123232542 0.925346191729
0.636914421735 0.290824157145 0.547656056063 -0.836703558172
0.262981499698 0.420487267864 -0.948074279053 -0.318048992134
0.250239027686 0.489070332449 -0.999043897088 -0.0437183221393
0.739407109745 0.427998242831 0.957628837005 -0.28800522658
0.253430456701 0.541273139724 -0.986278283849 0.165091328687
0.744361710003 0.447204421856 0.977447013858 -0.211180811391
0.267247405158 0.59124759567 -0.931011895812 0.36498883525
0.314657470805 0.667774451871 -0.741369671205 0.671096871261
0.25314935239 0.460442827144 -0.987402682327 -0.158227503717
0.308964826256 0.338737240662 -0.764140417874 -0.645049937425
0.250213161835 0.510321517195 -0.999147380325 0.0412857407645
0.687910692031 0.66489256084 0.751643199418 0.659569936223
0.712135245549 0.367717205851 0.848541139475 -0.529129411977
0.749867117925 0.491849913658 0.999468475962 -0.0326000852631
0.71582333871 0.373824006361 0.863293562384 -0.504702115259
0.277484825343 0.613960533774 -0.890061519085 0.455840424101
0.372280071083 0.714913275911 -0.51087787794 0.859653298622
0.264250603001 0.416799828451 -0.942997885907 -0.332798718709
0.250770986053 0.48038109866 -0.996916082902 -0.0784749874289
0.724818348904 0.390652905018 0.899273690032 -0.43738636286
0.251632679768 0.47147609131 -0.993469865506 -0.114094812904
0.456995116766 0.746273408792 -0.172018260229 0.985093761095
0.465489840348 0.252393361069 -0.138039597988 -0.99042671076
0.685679181598 0.667401789911 0.742716301864 0.669606223795
0.556834481412 0.743453648287 0.227336675418 0.973816222914
0.254751422826 0.548509309208 -0.980994443124 0.194035828029
0.465343020676 0.747586153102 -0.138626860954 0.990344684149
0.446678771747 0.744247555283 -0.213283395614 0.97699037516
0.274412982512 0.392252045501 -0.902355235304 -0.430993073402
0.486345809933 0.749626850669 -0.0546163265957 0.998507414529
0.694319601006 0.657289568509 0.777278197355 0.629157058227
0.292867909245 0.360012848963 -0.828528438898 -0.559946984935
0.277300567934 0.386399653534 -0.890798052165 -0.454399417098
0.746714119892 0.540399913011 0.986856596607 0.161598445946
0.690098023997 0.337633558382 0.760391766734 -0.649464672698
0.318657026728 0.327910368335 -0.725371367993 -0.688357740202
0.521243642148 0.250904212987 0.0849739011198 -0.996383177361
0.383621163375 0.278740052729 -0.465513701612 -0.885040673422
0.388529886043 0.723773085091 -0.445878805946 0.895093341729
0.271186969885 0.399279272922 -0.915252428039 -0.402880866967
0.643372456818 0.704803437172 0.573488272351 0.819213770316
0.430889901194 0.259742160469 -0.276438587026 -0.961031585123
0.550401692237 0.744866675782 0.201605316012 0.97946684301
0.689286267221 0.336687938943 0.757144719297 -0.653247176833
0.676897844711 0.676655341859 0.707591624599 0.706621605102
0.518620669158 0.749305580792 0.0744820895043 0.997222351506
0.548447794262 0.745260662649 0.193789825846 0.981043069084
0.709125962166 0.636990644971 0.836503949611 0.547960894851
0.617408757381 0.720715357336 0.469633072503 0.882861697669
0.689019518022 0.336379282384 0.756077733109 -0.654481826713
0.335674604645 0.688407121273 -0.657300760608 0.753628363389
0.725790860129 0.392675533583 0.903163893941 -0.429295912723
0.409763149378 0.733146665033 -0.360945381999 0.932586956382
0.474763559551 0.748722992651 -0.100944974721 0.99489201026
0.36245365278 0.70876088691 -0.550183713314 0.835043640539
0.692656950861 0.34067826392 0.770627556481 -0.637285782983
0.727690692066 0.396767439137 0.910763493129 -0.412928395227
0.66577062827 0.312863101258 0.66308151757 -0.748547193607
0.746179574262 0.456461201261 0.984718444443 -0.174153912313
0.328827097334 0.682208556004 -0.684690769136 0.728833692045
0.641203197116 0.706305029649 0.564811186063 0.825220167045
0.291512456891 0.637960321066 -0.833950260713 0.551839616788
0.420003079188 0.736855522392 -0.319985738717 0.947422359361
0.740166249014 0.569427720677 0.960665224021 0.277709069632
0.737130956442 0.420825275485 0.948526501928 -0.316697766239
0.655632125299 0.695649582258 0.622527230169 0.78259813934
0.634641634076 0.710645989666 0.538564809928 0.842584088093
0.681999887845 0.328606639232 0.728001793028 -0.685575225156
0.256241160873 0.444487374318 -0.975035521725 -0.222048939143
0.739085889735 0.426938543772 0.956343801937 -0.292243960583
0.348429370026 0.698812617503 -0.606281160656 0.795250372042
0.58058689075 0.73665539498 0.32234567328 0.946622029597
0.264594288961 0.584167697362 -0.941623127258 0.336668807899
0.691080514739 0.338792776203 0.764325347995 -0.644830801383
0.640616719879 0.293294785652 0.562465265832 -0.826820914547
0.510792499729 0.250233062879 0.0431696551684 -0.999067755897
0.728990443067 0.399683339068 0.915962165657 -0.401264639713
0.749886466201 0.507533554398 0.999545868595 0.0301339770738
0.276527150047 0.387928754549 -0.893891696336 -0.448282985649
0.705078761653 0.64297835838 0.820315070687 0.571911868039
0.719670171515 0.380647155905 0.878680955827 -0.477409444678
0.289452980294 0.634796231082 -0.842188417461 0.539183335698
0.62605194389 0.28410418664 0.504205914564 -0.86358346193
0.262314024211 0.422505356931 -0.950744168064 -0.309976655398
0.250212562816 0.510307136983 -0.9991497555 0.0412282195093
0.637270151979 0.708937889743 0.549087576098 0.835764819656
0.722895748796 0.613214578232 0.891583461713 0.452856413004
0.740911770808 0.566794776788 0.963647373653 0.267177355423
0.322934137979 0.323512594531 -0.708262755961 -0.705948913534
0.435744601086 0.258398521205 -0.257019865625 -0.966406119949
0.703834713537 0.355253688765 0.815339019917 -0.578983836218
0.748358484413 0.471398106398 0.99343399844 -0.11440669012
0.407978664963 0.267552434302 -0.368084082331 -0.929792508216
0.458381340587 0.253488545713 -0.166473401359 -0.986045945501
0.263768167938 0.418179751186 -0.944927725646 -0.327279075569
0.730257110063 0.597374162915 0.921028744839 0.389494609951
0.635307184395 0.289782903271 0.541230665545 -0.840874168157
0.584846200025 0.735162014992 0.339382812841 0.940648343616
0.425858575328 0.261246804852 -0.29656382284 -0.955013036027
0.329814633704 0.683131268285 -0.680740596046 0.732524566752
0.584844506843 0.735162625079 0.339376041149 0.940650786793
0.294412554981 0.357755307492 -0.822352174953 -0.568978822409
0.720566234935 0.617688581769 0.88226534286 0.470752445335
0.747471886609 0.464536284063 0.989887621689 -0.14185378538
0.310560471227 0.663134240941 -0.757757797176 0.652535915348
0.303613417089 0.654701087414 -0.785546163663 0.618803058132
0.691360390372 0.33912326984 0.765441254277 -0.643505777946
0.696360902405 0.34526633953 0.785443483341 -0.618933384524
0.675701178414 0.322153943383 0.702803982231 -0.711383555165
0.323671723558 0.677224320125 -0.705312410251 0.708896610195
0.550676053458 0.744808849685 0.202703702391 0.979240118172
0.378650970892 0.718551631523 -0.485431819796 0.874274526868
0.669166536564 0.684072818739 0.676665251088 0.736290797151
0.56457960795 0.741515017685 0.258316699533 0.966060289393
0.627966349866 0.285233360527 0.511863567389 -0.859066754321
0.303126983521 0.345918796317 -0.787492628676 -0.616324070422
0.44452986433 0.743768510969 -0.221878980577 0.975074211523
0.749980945597 0.503086563788 0.999923783306 0.0123461564257
0.289033627394 0.365861106347 -0.843865956009 -0.536554049737
0.708590565702 0.362195505126 0.834362371566 -0.551216321343
0.2816688195 0.378215002066 -0.873324963568 -0.487138078997
0.325862540085 0.320622752016 -0.696549464651 -0.717508775762
0.466322692859 0.252278689144 -0.134708199304 -0.990885311749
0.437713612442 0.257883427475 -0.249143855558 -0.968466488443
0.356983731688 0.7050522826 -0.572063590361 0.820209271213
0.365230458617 0.289435821211 -0.539076441524 -0.842256843364
0.713401975578 0.6302293957 0.853608075776 0.520915782992
0.685555265496 0.332460853417 0.742220607861 -0.670155630631
0.346175409075 0.302926123523 -0.615297042286 -0.788295344243
0.472879886906 0.252361144655 -0.108863044155 -0.994056757744
0.483453276618 0.250548185548 -0.0661863700289 -0.997807278197
0.746567612669 0.541284615155 0.986270598357 0.16513723631
0.268826162696 0.595177281852 -0.924695681282 0.38070710135
0.299020925118 0.648685772794 -0.803916659116 0.594741965221
0.684235218431 0.668989644438 0.73694042408 0.675957699385
0.646706375576 0.702428615964 0.586824050379 0.809714476773
0.299987026494 0.649983084263 -0.800051802494 0.599930923796
0.304452799589 0.34423925077 -0.78218860279 -0.623041723855
0.516312439585 0.749467245206 0.0652492418934 0.997868997631
0.495618873536 0.749961608794 -0.0175243657702 0.999846436511
0.253310567595 0.540550347131 -0.986757873385 0.162200182839
0.748441860798 0.472131830753 0.993767594747 -0.11147182438
0.511975931157 0.749712991376 0.0479033436566 0.998851975854
0.250105369591 0.492742307242 -0.999578525074 -0.0290305392788
0.310356907196 0.662897567266 -0.758572031262 0.651589190662
0.262892934825 0.420752146212 -0.948429001254 -0.316989636394
0.280929993138 0.620449944295 -0.876281901801 0.481798742812
0.272878745344 0.395520300802 -0.908485322305 -0.417916761038
0.635033127443 0.710395227699 0.540130814438 0.841581073512
0.691341257932 0.339100550632 0.765364794592 -0.64359671472
0.623938779371 0.717115802039 0.495753229598 0.86846343351
0.39687164733 0.727737920627 -0.412511546046 0.910952372179
0.352780485068 0.297944248938 -0.588876588524 -0.808222966444
0.367886801565 0.287759092028 -0.528451024892 -0.848963788562
0.461405547208 0.747002989215 -0.154376652598 0.988012069325
0.682226836757 0.671153452961 0.728906792184 0.684612947809
0.334461583168 0.687342336503 -0.662152673441 0.749368959229
0.729793738951 0.599500997798 0.917667526514 0.397349104419
0.746191095255 0.456526338095 0.984764489327 -0.173893359738
0.307240362803 0.659197486567 -0.771038296978 0.636788775493
0.612685396553 0.276836268158 0.450739700842 -0.892655433012
0.590859310739 0.732904539881 0.363435563372 0.931619338183
0.361987566436 0.291547020519 -0.552048197572 -0.833812201613
0.330044812292 0.683344913409 -0.679819859937 0.733379136624
0.608062262794 0.274561290303 0.4322470671 -0.901755217885
0.485009373876 0.250449839007 -0.0599620291385 -0.998200658716
0.655237808457 0.695961722198 0.620951659345 0.783848860914
0.256271145603 0.444356977285 -0.974916542151 -0.222570743449
0.614546921281 0.722214051117 0.458185705671 0.888856489608
0.708064314693 0.638597781228 0.83225735472 0.554389479982
0.743884693845 0.554957064067 0.97553893826 0.219826704334
0.312374906734 0.334782124883 -0.750499972999 -0.660870479389
0.267820653686 0.407302675377 -0.928717807504 -0.370787316429
0.569348395582 0.740189165399 0.2773917712 0.960756891867
0.319136542977 0.672593539451 -0.723453262898 0.690373360148
0.250163899832 0.509051168057 -0.999344406404 0.0362043835629
0.282593932082 0.623427003843 -0.869627759061 0.493707971042
0.462166280667 0.252879339452 -0.151333735032 -0.988482726527
0.300317309917 0.349577517469 -0.798730759872 -0.60168860155
