1000
0.704747183796 0.646837388357 0.812626276803 0.582785152736
0.25859995103 0.572765769556 -0.957448547809 0.288604016429
0.672364435011 0.331085565156 0.714218516388 -0.699922789205
0.540268514322 0.264416336089 0.168485837558 -0.985704074529
0.348386852845 0.653302572782 -0.703178127544 0.711013727676
0.691993705349 0.629457413583 0.829126508894 0.559061027303
0.73102635837 0.413063600283 0.935927695806 -0.352192203524
0.644360909429 0.30103313636 0.587259677019 -0.80939858645
0.268032435608 0.466355665742 -0.989645118646 -0.143535846187
0.783318588095 0.556093324331 0.980958834772 0.194215767854
0.743431166256 0.551893677372 0.978024540555 0.208489803281
0.37700718276 0.293694997584 -0.51207311135 -0.858941865688
0.379961548294 0.280703756328 -0.480151936013 -0.87718533865
0.481004300623 0.25355261805 -0.0768495493585 -0.997042700572
0.748291097745 0.490517284739 0.999271497017 -0.0381637950133
0.658400896143 0.712112690244 0.598345254906 0.801238388953
0.578472235681 0.718844237805 0.337530208135 0.941314696898
0.338336893745 0.689238762377 -0.649535699024 0.760331096098
0.705747047098 0.368015152192 0.841702047876 -0.539942277102
0.272324350583 0.588310005844 -0.932323946727 0.36162419493
0.30541368696 0.661680192481 -0.769144442524 0.63907497724
0.240859777735 0.412485771041 -0.947432512164 -0.319955676452
0.371375450312 0.287402253586 -0.5176450394 -0.855595472864
0.755213588408 0.367109372914 0.886961887966 -0.461842623949
0.678387842393 0.324625062165 0.713103209433 -0.701059065055
0.315667971014 0.668765252073 -0.737564368571 0.675276833762
0.670516186241 0.313766663716 0.67529879593 -0.737544260513
0.754057616246 0.572415815587 0.961696256972 0.274117327664
0.632680974613 0.720925575639 0.514852821007 0.857278585234
0.775026042088 0.498067436687 0.999975313018 -0.00702661761116
0.432635724103 0.722272106309 -0.290041201853 0.957014159366
0.376447099689 0.6932256664 -0.538707155674 0.842493086278
0.614687080307 0.313355322349 0.523528735239 -0.852008018377
0.59518267618 0.261140664763 0.370178082004 -0.928960810586
0.715964489015 0.530820580692 0.989969891118 0.141278500418
0.639502199667 0.755311302086 0.479490536471 0.877547050268
0.682879694918 0.640135478491 0.793758552853 0.608232981491
0.246328696482 0.515621186948 -0.998109330193 0.0614635256228
0.273724699633 0.39694877392 -0.910065836247 -0.41446371819
0.678559876781 0.647130778553 0.771757973712 0.635916370297
0.301044105613 0.666101805933 -0.767642200219 0.640878656567
0.719125384834 0.386395692795 0.887782344521 -0.460263520993
0.256703548299 0.433328941754 -0.964444096433 -0.264286936597
0.676171200714 0.324389605124 0.708233151142 -0.705978614141
0.748567592877 0.472133121624 0.993774410755 -0.111411043122
0.252720297367 0.512658523636 -0.998692325643 0.0511237586895
0.290407304595 0.340689768519 -0.796126555111 -0.605130158104
0.364677470199 0.309241876836 -0.578591705547 -0.815617335686
0.368807034728 0.722068671051 -0.508643366596 0.860977308422
0.255544740261 0.551647964698 -0.978401621026 0.206713008719
0.461624746289 0.746466320015 -0.153846959932 0.988094688236
0.359733236017 0.280839152747 -0.539062933204 -0.842265489051
0.743422278121 0.54695404077 0.981900285951 0.189398596746
0.307575804509 0.293202166309 -0.681206478653 -0.73209134228
0.424386533208 0.723581010123 -0.32036562576 0.947293970123
0.645409095815 0.303573616175 0.594983698531 -0.803737767237
0.272519006113 0.604344689627 -0.908940645092 0.416925537356
0.728504055004 0.540526397406 0.984634380162 0.174628569836
0.340085041275 0.315946436421 -0.655870834284 -0.754873134199
0.414346259435 0.730257758552 -0.348647535599 0.937253912193
0.435251661971 0.242051946925 -0.243458894902 -0.969911215779
0.522130955858 0.738575502798 0.0923655645533 0.995725164132
0.287922710967 0.609388817626 -0.888741864378 0.458408004404
0.761473902903 0.62091948487 0.907643792899 0.419741283664
0.661714585912 0.698555323103 0.631505173938 0.775371662682
0.288771951488 0.406013475772 -0.913640017142 -0.406524192486
0.294098174198 0.59146474919 -0.913890233627 0.405961378558
0.614128250811 0.735227049336 0.436515833613 0.899696574966
0.546679625069 0.733981957733 0.195644013002 0.980674981926
0.693217751777 0.704918924354 0.686028673652 0.727574504038
0.28047363184 0.36597499606 -0.853507441909 -0.521080652688
0.339092243011 0.73842641749 -0.55940015491 0.828897741996
0.730614953914 0.404931007728 0.924523679857 -0.38112460611
0.732618448871 0.441810026743 0.970108229906 -0.242672664857
0.459391525985 0.21821534778 -0.142637347154 -0.989775018475
0.322466342792 0.322343586903 -0.706862356548 -0.707351121364
0.490437565095 0.746239041972 -0.0388043838016 0.999246826264
0.727174454557 0.38157328323 0.886744235197 -0.462260382624
0.675860625691 0.31742980967 0.693748612821 -0.720217232652
0.35405282688 0.703063460733 -0.583622702903 0.812024963075
0.663463460194 0.680345487985 0.67157632824 0.740935378658
0.39757206919 0.727377450241 -0.410723227268 0.911760072926
0.254598559787 0.5433257649 -0.984770300839 0.173860445717
0.735479985655 0.412898700161 0.937896601983 -0.346914923272
0.537450992486 0.73956965018 0.154449067565 0.988000751785
0.30179557397 0.698829859091 -0.705992019655 0.708219788048
0.307789294794 0.592145947623 -0.901734932722 0.432289383525
0.262468556797 0.577423168233 -0.950769045745 0.309900341485
0.645887253218 0.746239466884 0.509717420108 0.860341880672
0.673100057154 0.306389944012 0.66651651794 -0.745490262386
0.668472613653 0.334144912363 0.712621086417 -0.701549133842
0.276592043597 0.602908409187 -0.908273932505 0.418375983455
0.63833709103 0.329857959468 0.630857362006 -0.775898826396
0.737586163148 0.425292185214 0.953950772672 -0.299963203273
0.675439295564 0.679209763154 0.69954954908 0.714584094689
0.6265129251 0.294551987644 0.524346585892 -0.851504937075
0.661345266586 0.732537921213 0.570062637393 0.821601235058
0.737467184249 0.385729892838 0.901100216894 -0.43361088445
0.590814387461 0.74471876438 0.34791160346 0.937527341563
0.404754165599 0.721271319127 -0.395373162826 0.918520583393
0.451250880358 0.253982338226 -0.194372292294 -0.980927832202
0.698788397811 0.32360180203 0.747974690891 -0.663727249544
0.736720855183 0.429820667798 0.958754705249 -0.284234788796
0.314425522521 0.666256624471 -0.744810052265 0.667276543904
0.748665270365 0.525162068188 0.994919504122 0.100673632685
0.666486483727 0.300298318189 0.640339179336 -0.768092270113
0.66381330185 0.688899365527 0.655159662834 0.755490447454
0.622997846015 0.732164319518 0.468145818819 0.88365122776
0.648662924543 0.29963846727 0.595865660161 -0.803084127001
0.252307255112 0.588705816791 -0.941448251822 0.337157513844
0.36124409087 0.291183865469 -0.553442390049 -0.832887459923
0.280949787095 0.357243744074 -0.837790802205 -0.545991365994
0.38227082934 0.714171930469 -0.481711655702 0.876329778543
0.34066254128 0.322881290693 -0.668803480741 -0.743439240388
0.456663761998 0.762827251657 -0.16268714236 0.986677705084
0.697611375952 0.654021873572 0.78872542668 0.61474563952
0.743304946066 0.431960105164 0.963052296665 -0.269314451687
0.25655412938 0.461988067351 -0.988028607399 -0.154270771574
0.692845795494 0.658660405875 0.772232812298 0.635339660032
0.432745161503 0.727370169923 -0.283643972738 0.958929662034
0.291687504372 0.642388589848 -0.825568368002 0.564302108587
0.257860914081 0.557652999871 -0.97280583339 0.231622128739
0.364011988765 0.723836016315 -0.51922114747 0.85463992419
0.620861259995 0.281172929851 0.483471578147 -0.875360059132
0.375342165221 0.319899937571 -0.569125777563 -0.822250478452
0.293772043728 0.653635089761 -0.801929938819 0.597418089135
0.636490513835 0.274457407343 0.517740037076 -0.855537990979
0.286772483214 0.461678703209 -0.984231605643 -0.176884556855
0.359339858352 0.308665941997 -0.592316547321 -0.805705347983
0.677532378193 0.676025487631 0.710114098481 0.70408661906
0.61213453014 0.263350099464 0.428200775418 -0.903683626017
0.255561521325 0.417374362723 -0.947342860294 -0.320221025308
0.668130105348 0.724263516962 0.599845103012 0.800116149313
0.626685602406 0.283594986272 0.505205943654 -0.862998814887
0.330168644712 0.681901435435 -0.682439768041 0.730941832841
0.694774732601 0.679601874215 0.735161312311 0.67789220742
0.305291386168 0.349621269502 -0.791438845318 -0.611248357152
0.614338807007 0.285999938108 0.471245587104 -0.882002038906
0.727804393653 0.567430704379 0.958875346592 0.283827535129
0.668400086313 0.685258300409 0.672636319412 0.739973230467
0.702405024043 0.352969545613 0.809065969051 -0.587717838527
0.709346897315 0.634031984511 0.842180946589 0.539195004801
0.410990281993 0.264779608809 -0.353916028987 -0.935277201917
0.61817329287 0.720376490557 0.472575403347 0.881290240586
0.645199154355 0.311641750258 0.610523712328 -0.791997977703
0.703637693168 0.355757424446 0.816026701422 -0.578014206198
0.622687280683 0.293626899319 0.511009053022 -0.859575329875
0.283560595089 0.624861438456 -0.866199356654 0.49969858368
0.645462216272 0.711092299508 0.567418142841 0.823429809501
0.342861621547 0.305519241651 -0.628476279206 -0.777828751381
0.760696180662 0.419787831741 0.955781571599 -0.294077519359
0.653279608217 0.316230089146 0.640524116403 -0.767938054993
0.656199212015 0.311765335178 0.638582758094 -0.769553156751
0.392588250806 0.290434951032 -0.456121382214 -0.88991757185
0.717399146133 0.379509180949 0.874647021825 -0.484760339974
0.344596525814 0.326515422558 -0.667224620572 -0.744856567201
0.262681203325 0.437010192751 -0.966534070754 -0.256538281882
0.258841713828 0.549050494078 -0.979935885811 0.199312969221
0.683028598051 0.346874414313 0.7669801745 -0.641670797157
0.743288968395 0.592034365609 0.935313523319 0.353820029247
0.320279182668 0.649007265325 -0.769820600024 0.638260326026
0.46246562912 0.259266222266 -0.154054011155 -0.988062428011
0.234446183349 0.538431426225 -0.989689616538 0.143228708422
0.653651831286 0.693361558484 0.622129727378 0.782914173018
0.705248613362 0.640866966553 0.824495236172 0.565868894294
0.713056209168 0.480289094567 0.995747850577 -0.092120671253
0.240056355149 0.413973169023 -0.949362060378 -0.314184147141
0.283720328738 0.626158373554 -0.863788049714 0.503855341513
0.638969150064 0.314245320648 0.599041649582 -0.800717866709
0.28435852223 0.626525487077 -0.862498149741 0.506060215482
0.397200982247 0.290440679579 -0.440410334252 -0.897796601399
0.261834523042 0.425736859321 -0.954667015111 -0.297675814032
0.507841432722 0.749889614652 0.0313638981293 0.999508031931
0.690311469976 0.646175119862 0.793064109844 0.609138176178
0.350484808615 0.695846253759 -0.606809890132 0.794847002409
0.602100210754 0.295316822571 0.446367122577 -0.894849927017
0.737186306764 0.579543478384 0.948105067113 0.317957201074
0.710383759722 0.343312699693 0.802009842459 -0.597310817414
0.504643860958 0.255209017514 0.0189671482793 -0.999820107462
0.66925812956 0.685015397548 0.674988722198 0.737828045622
0.654973037864 0.668880775996 0.676116968333 0.736794303135
0.746741056122 0.522102439245 0.996011986742 0.0892195172943
0.689245125292 0.329148291339 0.742257738327 -0.670114505061
0.461773595847 0.747371909387 -0.152716303856 0.988270069635
0.449495123669 0.749936919706 -0.198065813946 0.980188723331
0.643530757685 0.294539524958 0.572680244251 -0.819778834714
0.297567728658 0.353496184326 -0.810104509589 -0.586285496617
0.361247100677 0.706958426389 -0.556866067282 0.830602301411
0.723052294558 0.645185960785 0.838097395359 0.545520628293
0.640817051231 0.654876985204 0.672724161895 0.739893372049
0.316094988446 0.711114499096 -0.656843565081 0.754026876849
0.689356011451 0.344624552499 0.773061038786 -0.634331640635
0.703874036821 0.69418698657 0.724100366318 0.689694613215
0.288202849992 0.649046722101 -0.817799317159 0.57550349856
0.37069477165 0.69577822399 -0.551112761498 0.834430778504
0.685772506217 0.33974937727 0.757204892217 -0.653177427047
0.727128689733 0.580701557276 0.942287804304 0.334803963328
0.573143790244 0.725997688247 0.307920762325 0.951412005458
0.280610577893 0.647662424714 -0.829594631226 0.558366141382
0.665992569893 0.704005355311 0.631137496414 0.77567097446
0.571944150232 0.733730632081 0.294184968572 0.955748504716
0.283637457269 0.578804538793 -0.939616607102 0.342228917038
0.277665202101 0.385776788735 -0.88948449014 -0.456965361707
0.354114666791 0.284782619567 -0.561092019419 -0.82775343294
0.682114580169 0.676973796013 0.717156458582 0.696912199573
0.683570574862 0.348057651542 0.77034975012 -0.637621566832
0.255942576018 0.560847642812 -0.970298649 0.241910172892
0.644619591273 0.30228060839 0.590367744278 -0.807134391856
0.333316133738 0.674057331872 -0.691643298876 0.722239258917
0.545506427174 0.254160187818 0.182012675637 -0.983296184223
0.466432818887 0.745621032458 -0.135402849909 0.990790627851
0.710549248176 0.409561663671 0.918825002275 -0.394665193796
0.691416851197 0.659095760725 0.76904758497 0.639191530022
0.275722251678 0.61601551939 -0.888202674999 0.459451856156
0.698200700531 0.347729153063 0.79299420404 -0.609229178847
0.758425656596 0.397234074722 0.92922471554 -0.369515125577
0.741872168765 0.436764336697 0.967482178672 -0.252939190225
0.669183643196 0.295284304286 0.637039108643 -0.77083148227
0.356128265778 0.302499937606 -0.588800437104 -0.80827844538
0.373295809185 0.28122800542 -0.501173211899 -0.865346989176
0.656682901107 0.660339842015 0.698903538712 0.715215941919
0.642393048454 0.293689835969 0.56802968248 -0.823008067896
0.70830673294 0.334420174143 0.782818833256 -0.622249688067
0.329541561072 0.714462858359 -0.622216623266 0.782845114778
0.513994155512 0.737251511374 0.0588816163221 0.998264972469
0.542101820371 0.747642425271 0.167604366668 0.985854338264
0.617081819998 0.271339992347 0.455761031995 -0.890102174874
0.30313870698 0.345085388003 -0.785857359054 -0.618407803331
0.538173014373 0.748293374385 0.151955086901 0.988387399538
0.347119586651 0.663895812341 -0.682105719982 0.731253572141
0.352190697556 0.693302167296 -0.607423322736 0.794378314783
0.747887801302 0.502078401344 0.999964852976 0.00838408092549
0.699269814826 0.349980126456 0.798907195151 -0.601454315418
0.742326813411 0.585269868242 0.943304801918 0.331927779311
0.57079783819 0.711094598143 0.317975091872 0.948099067054
0.369625605103 0.312709075663 -0.571314353313 -0.820731326134
0.318378954789 0.328204181078 -0.726484289949 -0.687183073465
0.262146574489 0.467164767506 -0.99060556998 -0.136750154389
0.770896580101 0.513739380796 0.998716326597 0.050652729322
0.525721291909 0.24830669403 0.101662744022 -0.994818921452
0.500090302248 0.76441879071 0.000341509758001 0.999999941686
0.489984580736 0.254634145807 -0.0407840106169 -0.999167986115
0.754336431887 0.646971580031 0.865833784972 0.500331746746
0.274556896768 0.403975563741 -0.920021301613 -0.39186835108
0.597378701286 0.269938883437 0.389791439529 -0.920903161939
0.67939285678 0.678984366119 0.707912312171 0.7063003315
0.740374009348 0.569943726356 0.960177862508 0.279389463563
0.702497447948 0.558286041419 0.960984232812 0.276603153067
0.73511856284 0.415099032186 0.940558347134 -0.339632147531
0.496877743077 0.250018220586 -0.0124888640328 -0.999922011096
0.335950368669 0.30346158913 -0.64080061822 -0.767707345079
0.599904363116 0.719890906064 0.413642991668 0.910439166251
0.330334495026 0.262855197335 -0.581864870006 -0.81328548066
0.746297243807 0.45695669814 0.985070535398 -0.172151213443
0.305993323089 0.376471631074 -0.84352541673 -0.537089258252
0.404412458871 0.732945289552 -0.379623343857 0.925141133449
0.2538143307 0.46149190281 -0.987986745631 -0.154538637428
0.425033263683 0.738838192875 -0.299473238728 0.954104700379
0.678430820696 0.307048435741 0.678940519512 -0.734193279024
0.710339751656 0.362727593039 0.837439551572 -0.54652996026
0.626280196131 0.261800261163 0.468391646505 -0.88352094796
0.267088138374 0.630375181148 -0.872595345621 0.488443817445
0.48208356912 0.739032992304 -0.0747434946306 0.997202792821
0.281048607481 0.404892356193 -0.917206611817 -0.398411886418
0.247743483189 0.47993590747 -0.996851795641 -0.0792874361195
0.70636731852 0.623026438963 0.858948326171 0.512062274501
0.263329813186 0.612561676736 -0.903066190112 0.429501404278
0.24008849523 0.402349673913 -0.936112266081 -0.35170132967
0.648176172462 0.657460850208 0.685309832063 0.72825162827
0.739142477056 0.360185560027 0.863284805732 -0.504717093224
0.261508990664 0.630820224206 -0.876759152874 0.480929711966
0.510934297297 0.22358136851 0.0395258505232 -0.999218548237
0.317314260188 0.670696671672 -0.730676314906 0.682724045889
0.702771292265 0.649312224365 0.805242696719 0.592945359524
0.492977070488 0.752825259271 -0.0277668730072 0.999614426048
0.308504112175 0.355184281913 -0.797607627206 -0.603176651589
0.396107173896 0.250262036995 -0.384095048172 -0.923293557851
0.688648664805 0.318131494788 0.719925819285 -0.694051017381
0.427299908456 0.264049936866 -0.294454269313 -0.955665570837
0.671266705606 0.675946925792 0.697511985089 0.716573116058
0.586021383778 0.727483147165 0.353698344444 0.935359546451
0.316479767118 0.316670481979 -0.707474293227 -0.706739078035
0.747437233666 0.661618391507 0.837229674143 0.54685141742
0.794369217728 0.535901512741 0.992644812015 0.121063112385
0.359062775427 0.704159308738 -0.568107944665 0.822954046839
0.267349124295 0.596337224507 -0.923922295525 0.382580176998
0.342949536275 0.331564334206 -0.681955532415 -0.731393636702
0.358355824001 0.326070343155 -0.631467775216 -0.77540212075
0.709142571749 0.366940221724 0.843718873027 -0.53678530466
0.694165248128 0.38196636329 0.854500264531 -0.519450958144
0.462426201571 0.751194473849 -0.147933626449 0.988997291283
0.267990792911 0.574860393837 -0.951686799072 0.307070409633
0.617058685101 0.286382326856 0.48055793544 -0.876962981366
0.724354705347 0.628651671884 0.867495130711 0.497445673609
0.517626972165 0.748921775439 0.070635858015 0.997502168199
0.690266963179 0.63840181167 0.808684620678 0.588242453653
0.265996656609 0.391179342548 -0.906748719857 -0.421671387502
0.27546985805 0.388537281803 -0.895704687549 -0.444649426743
0.311479186036 0.370302765332 -0.823860853295 -0.566792108632
0.244919622086 0.376559691451 -0.900140098704 -0.435600508156
0.736158861922 0.44252183733 0.971635767945 -0.236482418904
0.470967158387 0.253120152014 -0.116793335294 -0.993156239889
0.243570340719 0.396867351289 -0.927776016067 -0.373137593939
0.701907625132 0.356591017371 0.815279694443 -0.579067370717
0.44495543021 0.714487119712 -0.248576113068 0.968612366229
0.741507773051 0.511007972206 0.998962856192 0.0455325372593
0.2969789791 0.3344710609 -0.775040227763 -0.631911896825
0.377589216115 0.297872102845 -0.518018557765 -0.855369378579
0.30172628352 0.649821596226 -0.797839342567 0.602870121546
0.330265058857 0.635752269409 -0.78094959924 0.62459404692
0.653698584033 0.28799746274 0.58695855002 -0.809616983862
0.357375574974 0.309741707584 -0.59981252235 -0.80014057392
0.719714449058 0.616283980827 0.883847730757 0.467774720175
0.661776722904 0.334551897666 0.699129145061 -0.714995411542
0.637709248038 0.706091912591 0.555577500862 0.83146475604
0.323183143848 0.658403449359 -0.74482515734 0.667259683327
0.512900028794 0.253158071357 0.0521886392165 -0.998637244417
0.74663538585 0.499724194368 0.999999374744 -0.0011182628631
0.705357679741 0.559102780107 0.960992346509 0.276574962626
0.542591839134 0.252384845439 0.169517498743 -0.985527177515
0.243579192703 0.48686737543 -0.998691099425 -0.0511477069895
0.576009905302 0.28261205083 0.330054717351 -0.943961801957
0.506290011457 0.252044452152 0.025359132475 -0.999678405489
0.406108063947 0.727795264399 -0.381073688291 0.924544668522
0.297926044638 0.642455482167 -0.817320904194 0.576182731056
0.65337193313 0.700142055976 0.608255128086 0.793741582102
0.415716791214 0.761604899283 -0.306653698567 0.951821153975
0.291072489378 0.634461088878 -0.8409035722 0.541184979707
0.702023456387 0.403636366933 0.902580454429 -0.430521222802
0.387367174002 0.244100073386 -0.402847600354 -0.915267070799
0.594990749136 0.238142358964 0.341011540131 -0.940059109576
0.253073881209 0.470936770981 -0.993144596903 -0.116892299326
0.501786408515 0.779137049384 0.00639958212784 0.999979522465
0.417433714678 0.265914532435 -0.332631543507 -0.943056867991
0.35207942662 0.284578084879 -0.566054801317 -0.824367613329
0.32341689462 0.6821315628 -0.696086182106 0.717958234915
0.611906557814 0.725226999129 0.444961721794 0.895549588877
0.332612375099 0.689114692239 -0.662781991065 0.748812414641
0.582201540231 0.73341094997 0.332175679036 0.943217534961
0.614200337112 0.269489298467 0.443928041066 -0.896062438871
0.394887433397 0.724196058538 -0.424500479516 0.905427712681
0.30025550008 0.348761131558 -0.797251671086 -0.60364705992
0.566649706663 0.765910429818 0.243125097051 0.969994941834
0.646504238149 0.718440639022 0.55700577939 0.830508616287
0.504524392449 0.749658113226 0.0181192326699 0.999835833228
0.5187565532 0.23883985459 0.071635091156 -0.997430906737
0.382225535318 0.279611789476 -0.471315769577 -0.881964537466
0.633908103952 0.671975235078 0.614367158355 0.789020275237
0.720923909547 0.342900990551 0.814960182274 -0.579516955151
0.723363795484 0.610824606537 0.895799085712 0.444459219769
0.361384280627 0.291714508075 -0.554031205435 -0.832495899932
0.704283994926 0.636726661361 0.831040853351 0.556211380737
0.643331852462 0.71163557466 0.56075538479 0.827981520584
0.634222018484 0.741066628406 0.486461527001 0.873701998823
0.376398854479 0.314989112659 -0.555509160167 -0.831510416634
0.6759242134 0.701902603417 0.656936570204 0.753945848671
0.281575990586 0.674362362969 -0.781526543871 0.623871991057
0.498144638189 0.705145981697 -0.00904362778803 0.999959105562
0.732453099189 0.543399923738 0.98301390417 0.183531098753
0.494736202266 0.24801203069 -0.0208843633208 -0.9997818979
0.722070972884 0.359294330308 0.844715404531 -0.535215737201
0.26592381808 0.425198206855 -0.952545845146 -0.304395159119
0.375935481326 0.282697365148 -0.495810764495 -0.868430587791
0.305575939775 0.642545036354 -0.806470221776 0.591274708904
0.348665190766 0.301593368575 -0.606467914712 -0.795107960232
0.308322500589 0.29306119203 -0.679536671207 -0.73364154223
0.334541331814 0.645758421802 -0.750365686625 0.661022946906
0.665809658245 0.313408399156 0.664252610279 -0.747508173693
0.699523403759 0.356570436021 0.811973441979 -0.583694380237
0.256266788622 0.468158182125 -0.991574159031 -0.129540291576
0.747333234693 0.47825203132 0.996156507216 -0.087591170392
0.331513901673 0.67822854462 -0.686966239767 0.726689332122
0.320000519601 0.674880567738 -0.71723180355 0.696834657559
0.444378804243 0.261131793502 -0.226784391529 -0.973944988056
0.305659429909 0.342608718271 -0.777112460603 -0.629361758908
0.279785672526 0.627004971225 -0.866257513711 0.499597758141
0.470946876161 0.730980906607 -0.124797056535 0.992182289038
0.277258954827 0.315933308293 -0.770854666173 -0.637011054566
0.73499881445 0.609099607326 0.907020038083 0.421087461837
0.667673311491 0.697107965698 0.647943024692 0.761688805716
0.65584144179 0.297082718148 0.609098957859 -0.793094231182
0.714495073768 0.333624455108 0.790162451468 -0.612897463113
0.741986559811 0.532852216572 0.99091014956 0.134525371209
0.742634726983 0.667860174433 0.822379406638 0.568939462102
0.30602570582 0.295369247551 -0.687956792171 -0.725751646299
0.339017108736 0.651569861546 -0.728072542014 0.685500090128
0.333555491849 0.683396823398 -0.672053547863 0.740502551518
0.703743452047 0.605221549728 0.888508552189 0.458860057847
0.752123358017 0.526008031911 0.994721591515 0.102610698147
0.601532037721 0.752766141249 0.372735588738 0.927937595363
0.598861174239 0.276831684433 0.40502526057 -0.914305495062
0.745182611142 0.48411494261 0.997907832152 -0.0646525987859
0.252105086086 0.400975641784 -0.928649830836 -0.370957533539
0.542282590584 0.254258899375 0.169568521851 -0.985518399827
0.274979452887 0.391755272409 -0.901156644481 -0.433493600999
0.468670212445 0.741011833671 -0.128907108745 0.991656673106
0.449035020638 0.748348989314 -0.201024510798 0.979586211652
0.324006211441 0.322880415507 -0.704848783205 -0.709357591638
0.735177463486 0.350534859508 0.843976119544 -0.536380750624
0.61878264376 0.279813842989 0.47478245708 -0.880103186251
0.262580718858 0.470256444299 -0.992243945584 -0.12430588261
0.649218337863 0.700571505495 0.596896147632 0.802318508413
0.676103270854 0.325319562504 0.709969099318 -0.704232829406
0.715229919133 0.379972984243 0.873373495597 -0.487051062199
0.729992271947 0.589786404204 0.931532646937 0.363657706765
0.730098199391 0.553362860675 0.974146808987 0.225915901479
0.583951867525 0.261049904676 0.331471648867 -0.943465180066
0.291407919794 0.382090621725 -0.870546788942 -0.492085651348
0.256055473756 0.470466641237 -0.992751229933 -0.120187334881
0.393331494173 0.766132300821 -0.372037382684 0.928217747021
0.339198387646 0.661893485343 -0.704710153533 0.709495313239
0.747882417036 0.467728939364 0.991632026354 -0.129096569699
0.608756131371 0.720726389527 0.441979336052 0.897025231809
0.424659725578 0.261454989861 -0.301166912071 -0.953571439942
0.267518928565 0.580757000501 -0.944630995372 0.32813454951
0.283363000701 0.435215225676 -0.958077701942 -0.286508493837
0.536343365953 0.231523375343 0.134144454673 -0.990961788002
0.37425003098 0.241188052317 -0.437018796586 -0.899452373075
0.237120468886 0.57547106639 -0.961173346111 0.275945282124
0.280296215038 0.649690397773 -0.826416423058 0.563059406901
0.282105172129 0.389878470872 -0.892496153705 -0.451055002878
0.727050022496 0.492400557867 0.999440349063 -0.0334512879458
0.256068513203 0.429199632293 -0.960366163136 -0.278741515932
0.668085398073 0.304807926517 0.652530150158 -0.757762761776
0.719102309675 0.37975754326 0.876662131211 -0.481106545062
0.566729049102 0.741232805018 0.266603219274 0.963806372397
0.389237183667 0.71854786059 -0.452066621174 0.89198417588
0.484079456676 0.250850915393 -0.0637691024414 -0.997964679522
0.725551109346 0.51865103529 0.99659860261 0.0824088907562
0.266631723667 0.61776120869 -0.8927737294 0.450505347463
0.311353490588 0.679675189326 -0.72411534394 0.689678888085
0.42180124243 0.702553803228 -0.360153688489 0.932892984574
0.636670300353 0.726553922005 0.516543808926 0.856260762537
0.346928859259 0.320084598476 -0.647999378971 -0.761640863435
0.294407574697 0.629383048401 -0.846352555047 0.532623086774
0.252461832082 0.444249406054 -0.975564061281 -0.219715184582
0.436511891232 0.275810625645 -0.27247261187 -0.962163539
0.726911426945 0.394255404195 0.906409479757 -0.42240011246
0.582301036347 0.730761092622 0.335923074757 0.941889424426
0.286650176297 0.630064674961 -0.853844483619 0.52052819116
0.491193544052 0.2145660179 -0.0308380019427 -0.999524395718
0.664263194108 0.688382770222 0.657207672766 0.753709542766
0.291952087335 0.453787755046 -0.976208007105 -0.216836175175
0.672899219263 0.319452052962 0.691642672135 -0.722239859107
0.42596221121 0.256632471413 -0.291049847542 -0.956707889717
0.700550250132 0.647825867137 0.804956830793 0.593333380621
0.649581144292 0.350679659185 0.707723497574 -0.706489526448
0.316787540477 0.39078148964 -0.858957022451 -0.512047686824
0.51719391553 0.749334805996 0.068795223627 0.997630802054
0.690437157507 0.341496435805 0.768606813738 -0.639721475234
0.260294706602 0.390685521312 -0.909855296271 -0.41492570401
0.410326462695 0.263405867862 -0.354413780511 -0.935088697496
0.670289486456 0.322440106648 0.692176230629 -0.721728526353
0.501923142791 0.753915832703 0.00757366211581 0.99997131941
0.263876602963 0.500658390326 -0.999996112696 0.00278829573999
0.296338619099 0.353436148055 -0.811671730839 -0.584113859925
0.428834784642 0.733530945677 -0.291499311676 0.956571038288
0.779070891672 0.434812353248 0.973786552233 -0.22746373489
0.330423209711 0.316292893444 -0.678282027604 -0.734801667819
0.373985031562 0.287659597973 -0.510351176423 -0.85996609045
0.724352410294 0.610499417247 0.897093875074 0.441839992877
0.716683957721 0.427529942182 0.948365704502 -0.317178956623
0.410729318582 0.733750920915 -0.356770621868 0.934192016328
0.50293945345 0.749811950883 0.0117657559383 0.999930781098
0.252446027264 0.503294681952 -0.999911449213 0.013307656932
0.257701997416 0.466513708619 -0.99058478856 -0.136900608737
0.267492212375 0.453604301105 -0.980666753285 -0.195685254943
0.746103883354 0.337619246256 0.834684518033 -0.55072838619
0.27192771196 0.398519454848 -0.913641179489 -0.406521580167
0.704434782014 0.361014769607 0.826984506542 -0.56222471125
0.533173393874 0.252652253886 0.132925248965 -0.991126065739
0.416136523653 0.276230341478 -0.35093743324 -0.936398909627
0.697996636939 0.674351404646 0.750498787626 0.660871825525
0.72292937136 0.507468499992 0.999439303169 0.0334825220108
0.590762561969 0.288032625291 0.393621814678 -0.919272466143
0.44561125786 0.744254859 -0.217347398049 0.976094313354
0.660447123937 0.306799920405 0.63888353391 -0.769303470744
0.499217350105 0.246505051612 -0.0030873990982 -0.999995233972
0.457832106618 0.770907501428 -0.153801232489 0.988101806943
0.696913831079 0.34933390656 0.794193143641 -0.607665410069
0.455017948825 0.295693455192 -0.215017461891 -0.976610204269
0.393837169053 0.29848698548 -0.466099729874 -0.88473218649
0.407711485197 0.764963117459 -0.328924292821 0.944356293775
0.250807080135 0.515939939035 -0.997960448022 0.0638352894904
0.749831758255 0.45897091113 0.986781746083 -0.162054884519
0.329542536213 0.644873051088 -0.761974669288 0.647606827762
0.327377323337 0.31619962059 -0.6845946202 -0.728924005636
0.723789474297 0.342294951191 0.817422514916 -0.576038568247
0.262879270001 0.448329630004 -0.977071904746 -0.21290958869
0.381462522195 0.278345046033 -0.471582124036 -0.881822147766
0.579979339884 0.263144529985 0.319922677002 -0.947443655707
0.383844425695 0.272432219225 -0.454622635964 -0.890684152138
0.683974027559 0.686654642047 0.701974152411 0.71220242161
0.454297947567 0.252288823833 -0.181433924798 -0.983403137544
0.355532721723 0.706795373431 -0.572690877103 0.819771406724
0.313146659004 0.352143190254 -0.784186835457 -0.620524783628
0.689903391496 0.659909428529 0.764929928189 0.644113503166
0.259617736128 0.426777171044 -0.956604542049 -0.291389344573
0.435855135706 0.741557914716 -0.25665009527 0.966504386228
0.378605071682 0.292166562867 -0.504361479361 -0.863492616145
0.693814587158 0.657988367553 0.775107446772 0.631829443726
0.662143150477 0.690330509059 0.648488583904 0.761224379895
0.736848814488 0.510112072088 0.999089862577 0.0426549703424
0.767201329962 0.496829989222 0.999929634087 -0.0118628358961
0.352611392377 0.675733566963 -0.642609498884 0.76619386055
0.670632751623 0.322180464806 0.692375424935 -0.721537435582
0.538992572125 0.259922915673 0.160314886937 -0.987065923344
0.603267343058 0.688586076597 0.480291057347 0.877109172357
0.314871233013 0.332070035791 -0.740674541259 -0.671863992137
0.62423409617 0.283411523296 0.497553499751 -0.867433291318
0.339674583095 0.682276760675 -0.660446081545 0.750873473611
0.71797047171 0.61744028938 0.880351290543 0.474322258848
0.686893484075 0.67141934614 0.736957292183 0.675939309035
0.257463169997 0.363183820817 -0.870978352154 -0.49132139184
0.566616487841 0.77812961714 0.232926657131 0.972494304558
0.704121861022 0.354717394785 0.814712266378 -0.579865435264
0.332822420462 0.68315247404 -0.674162218971 0.738583307767
0.585563818851 0.266345993752 0.343865488857 -0.939018916515
0.225468396156 0.43610154602 -0.973966107958 -0.226693671172
0.394677954309 0.312493655243 -0.489728256499 -0.871875125684
0.659082927421 0.696603109262 0.629025677436 0.777384523339
0.360116974302 0.28884758792 -0.552277006621 -0.833660667153
0.33447552409 0.295558916191 -0.62925403846 -0.777199688035
0.620132745392 0.281005020774 0.480950204613 -0.876747911707
0.335030796544 0.301425880793 -0.639019026069 -0.769190928393
0.249392614233 0.544071586344 -0.98488667111 0.173200014637
0.489114490329 0.777542254136 -0.0391907049468 0.999231749218
0.346599084967 0.693349337492 -0.621530508833 0.783389958188
0.633354096455 0.72081933399 0.516950770281 0.856015129017
0.475887060325 0.234828379379 -0.0905590690462 -0.995891085919
0.390913618384 0.303044665603 -0.484509536606 -0.874785978933
0.418632314216 0.754564616638 -0.304458501939 0.952525601019
0.349532916918 0.695957332311 -0.609024854137 0.79315113758
0.750211796314 0.455608273248 0.98462395066 -0.174687365845
0.335021796251 0.689012867631 -0.657582533487 0.753382513503
0.2574626561 0.519814014835 -0.996679654399 0.081422764054
0.603401477665 0.274088870975 0.416183428122 -0.909280679525
0.282193128852 0.39507196201 -0.900908680814 -0.434008696727
0.643577095645 0.703701288171 0.576114118765 0.817369269155
0.329188443421 0.72483668183 -0.604938216996 0.79627241169
0.271042547164 0.630876931457 -0.86817187751 0.496263630646
0.771026908058 0.523621633542 0.996223463975 0.0868263198878
0.630919276272 0.323931913413 0.59669238081 -0.802470063418
0.423898052666 0.738197693886 -0.304333815856 0.952565445797
0.537171109779 0.747498490748 0.148520409744 0.988909342604
0.71754213859 0.492326017513 0.999378400582 -0.0352535452175
0.261793651478 0.453213004075 -0.981251862208 -0.192729818434
0.595119580573 0.687704862735 0.452022074742 0.892006751065
0.391731394935 0.260587299596 -0.412048893629 -0.91116173606
0.763620061817 0.43614587594 0.971895802416 -0.235411446717
0.299288741782 0.350583828727 -0.802138825449 -0.597137592777
0.303329087693 0.65586559193 -0.783720876101 0.621113184825
0.30327079083 0.393700524468 -0.879783613578 -0.475374371712
0.36875990676 0.306487019753 -0.561288416045 -0.827620271631
0.634038758502 0.720498794384 0.519442509417 0.854505400457
0.561621086742 0.757208205609 0.23298227577 0.972480981396
0.332993054294 0.692864281628 -0.654611997806 0.7559650338
0.39459879951 0.272754809899 -0.42076303721 -0.907170582921
0.289899922905 0.609578369632 -0.886653407314 0.462434574074
0.676965080163 0.331328029758 0.723864690292 -0.689941961435
0.417494979339 0.250298219457 -0.313730477296 -0.94951207871
0.646827862102 0.296532118155 0.585172190109 -0.810909062672
0.259948886805 0.619079392054 -0.895835854015 0.444385106254
0.678148398562 0.325201783651 0.713786563118 -0.700363293093
0.286750769767 0.359802154932 -0.835593587152 -0.549348120148
0.412136310044 0.7334289453 -0.352273665677 0.935897037323
0.748454698188 0.475015624599 0.994982039556 -0.100053690393
0.293955695462 0.373526837923 -0.852255615097 -0.523125574347
0.782123833595 0.48688457273 0.998921185712 -0.0464377511958
0.336020938963 0.71075293966 -0.614080197104 0.789243632553
0.722800114382 0.386926378207 0.891732702577 -0.452562467682
0.450568620743 0.746269415445 -0.196794171739 0.980444824541
0.770222864895 0.554449154573 0.980297639194 0.197526045349
0.733684314067 0.403297485209 0.924009816157 -0.382368748259
0.290403042971 0.628985962185 -0.851653348007 0.524105499713
0.451698644505 0.751005976434 -0.188962957533 0.981984216106
0.375762202828 0.716673491682 -0.497417736999 0.867511149738
0.353979824028 0.695855650142 -0.597713359168 0.801709885353
0.678579271731 0.345036246751 0.75528105918 -0.655401038787
0.340466715776 0.306061859735 -0.635278328715 -0.772283267373
0.325220962877 0.678530301902 -0.699559578351 0.714574276291
0.651539149036 0.329317261711 0.663925601668 -0.747798632955
0.276139934842 0.388767474053 -0.895541397977 -0.444978206781
0.48642603671 0.242827126273 -0.0527077114488 -0.998609982503
0.414400004295 0.738453720026 -0.337867235633 0.941193779774
0.267564726944 0.592030529424 -0.929773257595 0.368132706317
0.409172240787 0.732787769647 -0.363484195192 0.931600364881
0.639831490973 0.28468431221 0.544648396325 -0.838664488565
0.267311348887 0.518805804791 -0.996750066929 0.0805562168686
0.715956987658 0.631883551916 0.8534411608 0.521189202739
0.728113658769 0.386026638842 0.894558907532 -0.446950065393
0.684169765905 0.675476895889 0.723986642176 0.689813990834
0.679559522311 0.323802893243 0.713758137735 -0.700392262105
0.72461878677 0.393292669572 0.903257458704 -0.429099013394
0.294198404109 0.628846200829 -0.847591340105 0.530649526693
0.573188411004 0.739461279551 0.292288675766 0.956330136521
0.328468711113 0.318089638754 -0.686046162386 -0.727558013546
0.316149813188 0.330601640288 -0.73542040996 -0.677611113113
0.530618003448 0.748107425086 0.122476215323 0.992471448798
0.61140314927 0.725344336735 0.443168719891 0.896438221915
0.250711615699 0.478487197707 -0.996297154054 -0.0859766295244
0.737489512192 0.603714714745 0.916422780873 0.400211552428
0.658912830284 0.71814685488 0.588802178794 0.808277176621
0.257855170701 0.437734417017 -0.968493575579 -0.249038539311
0.590472027637 0.734615297471 0.35979253342 0.933032332181
0.694620828778 0.643705688765 0.804462241461 0.594003789603
0.663957375579 0.259848235366 0.563846583185 -0.825879549711
0.37610993425 0.28221069263 -0.494448738094 -0.869206790929
0.358650572205 0.715236897398 -0.548927290196 0.835870103592
0.557645538985 0.275046234328 0.248232382751 -0.968700513138
0.322364840094 0.318547623616 -0.699550424054 -0.714583238123
0.749832200015 0.468093212139 0.991943258756 -0.126682956268
0.537776041251 0.751484295609 0.148544727147 0.988905690163
0.50826205665 0.249260042563 0.0329325638394 -0.999457576008
0.266365603218 0.399105804972 -0.918053657335 -0.396456154265
0.267235309482 0.540037191468 -0.985527379323 0.169516325482
0.721481011047 0.599289873126 0.912502063638 0.409072101048
0.264735423363 0.61206152477 -0.902815447963 0.430028216422
0.46613645791 0.744197870466 -0.137357071216 0.990521597436
0.746896117204 0.556634983909 0.974685686755 0.223579542969
0.545156996357 0.738645067082 0.185921771914 0.982564549904
0.74081268421 0.490680125441 0.999251939995 -0.0386724761973
0.397832185653 0.265470383714 -0.399376571001 -0.916786973367
0.786057639733 0.471949212583 0.995226580896 -0.0975912530853
0.675228120278 0.321565770821 0.700667696521 -0.713487756764
0.624853807501 0.283185860821 0.499027252849 -0.866586291672
0.420279775725 0.26492956347 -0.321165088322 -0.947023223603
0.390349959514 0.27124337085 -0.432238652858 -0.901759251117
0.471115421713 0.76695324335 -0.107572299231 0.994197264349
0.530231243197 0.711527908726 0.14147938587 0.989941201978
0.313398880366 0.594378526342 -0.892356913537 0.451330409858
0.589989708449 0.718888426785 0.380238924469 0.92488829613
0.627629092266 0.29930139368 0.536610079531 -0.843830328055
0.335616025687 0.307471255052 -0.649330849969 -0.760506046839
0.515260553067 0.756408942331 0.0594108858388 0.998233613261
0.713852650131 0.559449467108 0.963465102003 0.267833898569
0.483334335068 0.749550092855 -0.0666338907865 0.99777749253
0.765974888402 0.494827074302 0.999810925963 -0.0194451105914
0.332605283592 0.342975120833 -0.729336652053 -0.684154988268
0.542438516544 0.741976121738 0.172745119285 0.984966559718
0.255330373831 0.551440020433 -0.978605989329 0.205743329539
0.722230250955 0.614517655395 0.888917760584 0.45806682364
0.693540470159 0.342077355555 0.774798126968 -0.632208717472
0.430027672452 0.309540801427 -0.344848190886 -0.938658471033
0.274220397408 0.370115451599 -0.866805424565 -0.498646524048
0.681663389446 0.296465881824 0.665885961385 -0.746053541262
0.414319454728 0.734832521407 -0.342754691938 0.939424941735
0.631165632973 0.728947722918 0.497103975623 0.867690980372
0.656661282286 0.293271854561 0.603977059983 -0.79700170076
0.601201427113 0.681116555841 0.487779551932 0.872966842851
0.311688433886 0.667793929059 -0.746610036588 0.665261943348
0.337928540625 0.690427549287 -0.648130811883 0.761529021566
0.622955789957 0.303324980537 0.530102492955 -0.847933574617
0.270208345111 0.597869834662 -0.920031098278 0.391845349853
0.311173123686 0.609351687607 -0.86536608196 0.501140244036
0.498309299668 0.236395803178 -0.00641360576036 -0.999979432619
0.399373759857 0.246167661729 -0.368524756214 -0.929617934453
0.675885604169 0.677776505896 0.703316057317 0.710877291465
0.72060247653 0.61791592721 0.881919729641 0.47139960805
0.577462836241 0.249800122171 0.295751847292 -0.955264803509
0.381924883026 0.286328867253 -0.483664693191 -0.875253371636
0.285908769078 0.368769821362 -0.85257907256 -0.522598244383
0.343396974181 0.692139348399 -0.631781519962 0.775146509399
0.665176719207 0.297864238523 0.632761916898 -0.774346406024
0.662506644352 0.314625486468 0.659202226669 -0.7519657069
0.487903518811 0.749685720288 -0.0483896889383 0.998828532835
0.444807615397 0.761332747566 -0.206636427126 0.978417797766
0.336674689292 0.660195076664 -0.713915068785 0.700232300427
0.655362824027 0.310961300664 0.634936536194 -0.772564298299
0.717101253973 0.371474260423 0.860512818368 -0.509428787393
0.731549188148 0.428412966906 0.955383103985 -0.295369471374
0.73107905124 0.406043737887 0.9263549062 -0.376651812366
0.717040199414 0.386109395303 0.88549197994 -0.464654660433
0.369298066854 0.69191604152 -0.562894695067 0.826528621565
0.293249590681 0.47117218155 -0.990418917539 -0.138095502388
0.254669372142 0.449386238974 -0.979374847471 -0.202051746196
0.719493389236 0.520527691842 0.995655287431 0.0931157806788
0.289665933284 0.648270956842 -0.817334812441 0.576163001565
0.652813665092 0.328794372438 0.665897761125 -0.746043009302
0.250161458494 0.490853117114 -0.999330494536 -0.0365863730092
0.729581938665 0.505827305864 0.999678032387 0.0253738362013
0.667799031468 0.685952300267 0.669938735594 0.742416386235
0.533424785504 0.25274769037 0.133965335491 -0.990986018512
0.291459476715 0.349721460037 -0.811296296348 -0.584635202098
0.325180650436 0.33467554945 -0.726562367107 -0.687100521543
0.72608974919 0.46182589406 0.98604365498 -0.166486967879
0.779151240324 0.475905105319 0.996295606867 -0.0859945564393
0.251262707796 0.380988178035 -0.902063606528 -0.431603116043
0.643207910843 0.295908359652 0.574386284366 -0.818584385591
0.593774024542 0.761281477932 0.337801581593 0.941217345502
0.657040608452 0.335058782813 0.68954846966 -0.724239537715
0.393045014418 0.725587055443 -0.428405010853 0.903586822987
0.59477131044 0.721505146245 0.39335806882 0.919385354296
0.296656718683 0.371149439285 -0.844695108926 -0.53524776782
0.710676377545 0.365352466338 0.842608632069 -0.538526408975
0.669749870296 0.669805926253 0.706990037009 0.707223506093
0.659980759097 0.310429984315 0.644943561059 -0.764230202916
0.698209018617 0.337383992916 0.773106412 -0.63427634019
0.342325150303 0.292223386103 -0.604510335889 -0.796597297135
0.360082533617 0.293129043076 -0.560240500543 -0.828329995564
0.299059928732 0.703653697669 -0.702348361719 0.711833392579
0.685213435195 0.667934437614 0.740818491298 0.671705264942
0.2931602817 0.30952784653 -0.735612822497 -0.677402225697
0.643318225 0.703523362473 0.575755855797 0.817621669549
0.258393947059 0.564032169174 -0.966628799191 0.25618111674
0.249287259728 0.398562869496 -0.927001241634 -0.375058259486
0.299014912098 0.336627770145 -0.775978695166 -0.630759117769
0.740303073099 0.508356264365 0.999395947675 0.0347525505546
0.617092250845 0.276370368171 0.463859008866 -0.885909035902
0.554000645485 0.265158577909 0.224095272528 -0.974567241821
0.578960974691 0.717221687349 0.341631110147 0.939834126099
0.746561901083 0.54337227805 0.984878414046 0.173246961147
0.244407575465 0.534799208797 -0.990858460216 0.134905566296
0.299904392066 0.356912792213 -0.813423045533 -0.581672544475
0.779074870402 0.538397117245 0.990667296293 0.136302267241
0.650639106796 0.669126799404 0.665113322433 0.74674243774
0.344987687662 0.696361155961 -0.619619810493 0.784902089719
0.318565102321 0.332335651831 -0.734428337832 -0.678686243111
0.725659714693 0.637541878902 0.853890282551 0.520453057792
0.378587386216 0.281374513343 -0.485500826705 -0.874236207937
0.293973249068 0.6712010922 -0.769116625489 0.639108454331
0.652554268471 0.685913385181 0.634340704124 0.773053601693
0.671578253344 0.684037759894 0.681913686988 0.731432651375
0.221949189259 0.471795996073 -0.994894924611 -0.100916247367
0.561236777808 0.248981988323 0.237001715691 -0.971509231433
0.525143224385 0.2443401385 0.0978734881152 -0.995198864712
0.708326027308 0.364649128285 0.838556699062 -0.544814337604
0.438857789068 0.261418792777 -0.248250009253 -0.968695996124
0.310782131609 0.335688221391 -0.755051263539 -0.655665760451
0.642686988975 0.281601221282 0.546946880217 -0.837167313158
0.60870080102 0.723800944216 0.436894019428 0.899512988115
0.746279349771 0.43976833709 0.97137204506 -0.237563360131
0.550294693631 0.744167357995 0.201747477273 0.979437570963
0.717931059213 0.318677980922 0.768719621225 -0.639585915998
0.307862737548 0.661806540327 -0.764898404857 0.644150937473
0.249586062042 0.506029803166 -0.999710223234 0.0240721740072
0.293747277315 0.337717010877 -0.785897956779 -0.618356209261
0.387390186544 0.675946737223 -0.539065111304 0.842264095029
0.403766127886 0.725075972701 -0.393132901819 0.919481659147
0.276411970899 0.38493135824 -0.88915840045 -0.457599539893
0.452849283223 0.710436195836 -0.218638714069 0.9758058786
0.704730564268 0.328600750037 0.766763745807 -0.641929402751
0.652440732479 0.344279367496 0.699541023645 -0.714592440652
0.384520032523 0.721684132742 -0.461994059585 0.886883018728
0.393014404766 0.723650253811 -0.431527334622 0.902099861143
0.234034856736 0.580260695878 -0.957358679032 0.288901989751
0.708981983046 0.388333163541 0.881986022982 -0.471275561922
0.778632908041 0.511494444379 0.999150190242 0.0412176823684
0.263011213423 0.422352034473 -0.950293362265 -0.311355946843
0.661599095602 0.690037987551 0.647803396715 0.76180756048
0.723312410517 0.362487517917 0.851506788083 -0.524343579963
0.256735860829 0.442049466943 -0.972779099301 -0.231734382348
0.760933004404 0.554410837792 0.978943365325 0.204132034444
0.336516433917 0.283098132197 -0.601899510391 -0.798571837339
0.702412344579 0.444830645009 0.964805615521 -0.262964112112
0.409148362745 0.286172255907 -0.391046803379 -0.920370793521
0.686234501655 0.345729854065 0.770100147995 -0.637923006371
0.282005507227 0.355559466755 -0.833616943166 -0.552343002188
0.419363174457 0.264907740952 -0.324444032582 -0.94590489465
0.686552109698 0.645418252729 0.788692347596 0.614788077994
0.595598815782 0.264223366693 0.375749546835 -0.926721251539
0.345671191151 0.663752010265 -0.68585749747 0.727735867719
0.264277982702 0.457750621316 -0.984314777011 -0.17642114317
0.738314349382 0.538657719109 0.987097731429 0.160118920208
0.496505725697 0.270405253776 -0.0152174064829 -0.999884208566
0.337307473582 0.684842143591 -0.660699458365 0.750650535014
0.394834960824 0.273988355973 -0.421871899405 -0.906655447506
0.758485322911 0.507000490992 0.999633469668 0.0270726119686
0.720185172782 0.61813324958 0.881185969097 0.472769804309
0.523397733762 0.28246507307 0.106940619744 -0.994265409158
0.567141153288 0.259559099837 0.26895098727 -0.963153864368
0.234376622191 0.488225571666 -0.999018994319 -0.0442837327869
0.579662598561 0.744285879539 0.310033518084 0.950725626911
0.748266888111 0.447138011917 0.978074746621 -0.208254147673
0.482459581369 0.759989530871 -0.0673123581151 0.9977319512
0.369908329294 0.286220739695 -0.51984398147 -0.854261221717
0.381952983876 0.727112384189 -0.461192993448 0.887299849428
0.308499769569 0.337833381912 -0.763135195653 -0.646238866949
0.344640670727 0.310507205592 -0.634018542816 -0.773317843688
0.676926090886 0.674692569118 0.711584084241 0.702600947235
0.378480166096 0.719619554406 -0.484145740873 0.874987372249
0.726479723783 0.607864169052 0.90283554015 0.429986031681
0.277636405938 0.438861954351 -0.964219179114 -0.265106345885
0.560023939232 0.701558633752 0.285409454863 0.958405677714
0.419653105148 0.725894993604 -0.335113835506 0.942177646335
0.741063102866 0.556205126935 0.97387994225 0.227063555162
0.701140671204 0.311446690958 0.729566432239 -0.683909950908
0.420700994996 0.245976893785 -0.297988515994 -0.954569454956
0.69341967797 0.369237507002 0.828443748222 -0.560072277507
0.309700299962 0.661797061557 -0.761856123826 0.647746282575
0.706785024642 0.645664803912 0.817529019731 0.575887403837
0.69526600295 0.655896636354 0.781486210091 0.62392251397
0.734657909726 0.618602007009 0.892482846246 0.451081333195
0.26035033029 0.644040473594 -0.85709783262 0.515153671556
0.684342705505 0.342002616707 0.759278694061 -0.650765598926
0.657519007566 0.280543871821 0.583110086517 -0.812393148052
0.375235474653 0.716085781979 -0.500020559561 0.866013533391
0.266285503485 0.462062896989 -0.987080685147 -0.160223971396
0.252347227539 0.517390371556 -0.997543640721 0.0700477326987
0.438659308585 0.244904024555 -0.233795521699 -0.97228578825
0.654622176413 0.693798222341 0.623669699789 0.78168798479
0.482474010345 0.248884790991 -0.0696227219263 -0.997573394088
0.612123525748 0.724066754517 0.447499700227 0.894284081429
0.574974443004 0.729993571558 0.309931002721 0.95075905126
0.340467587372 0.692553210323 -0.637989615735 0.770044966359
0.461211861272 0.247033110178 -0.151560461158 -0.988447988826
0.685146266652 0.66784071471 0.74088384265 0.671633182399
0.462717110354 0.274430855084 -0.163069766952 -0.986614540287
0.44419450474 0.736593091462 -0.229569853784 0.973292187492
0.761427383703 0.390990079438 0.922974903394 -0.384860140446
0.624968993486 0.697715616977 0.534284776447 0.845304547283
0.626628970773 0.715550251701 0.506527354287 0.862223891666
0.278940351671 0.475275144608 -0.99380332689 -0.11115281131
0.24364796899 0.524477213472 -0.99547251736 0.0950498142075
0.281278581083 0.62099263379 -0.87503863166 0.484053089137
0.492934610496 0.750587579957 -0.028183865776 0.999602755954
0.312760158724 0.658523722829 -0.763205776234 0.646155510015
0.653764849141 0.327595863962 0.665612035711 -0.746297941788
0.301412640553 0.347761253211 -0.793629281008 -0.608401647209
0.632895543058 0.746590734881 0.474419299456 0.880298999377
0.275248094256 0.356410386238 -0.842700182211 -0.538383137647
0.338937956069 0.708314386633 -0.611665156512 0.791116765281
0.713080794904 0.542424672433 0.980750167246 0.195266764829
0.394056750269 0.706979962255 -0.455632425207 0.890168013973
0.29137296572 0.375342827291 -0.858434621437 -0.51292299687
0.681860236357 0.324641857447 0.7198584079 -0.694120935123
0.713680298388 0.609584624821 0.889809971965 0.456331254453
0.711957664409 0.641317778886 0.83202809872 0.554733488209
0.608193856526 0.718636565018 0.443520464824 0.896264245233
0.730372945221 0.657415066731 0.825656016051 0.564173858982
0.655594515188 0.343101264459 0.704149440599 -0.710051804663
0.258751615934 0.55001376189 -0.979179874428 0.202994515973
0.591730982317 0.273331219621 0.375134932514 -0.92697021657
0.279416382065 0.617705417349 -0.88225278325 0.470775983294
0.245179966637 0.500598375711 -0.999997242965 0.00234820412501
0.434866730872 0.301698724858 -0.31205181562 -0.95006508428
0.333417241468 0.691879500941 -0.655575324281 0.755129786324
0.343387743491 0.298092747544 -0.612898842389 -0.790161381617
0.667881657411 0.315226853762 0.672466486363 -0.740127573273
0.534083921461 0.765156736499 0.127492710577 0.991839507556
0.350929610812 0.725275099163 -0.551843421847 0.833947742826
0.335461236435 0.350449776377 -0.7400086021 -0.672597404707
0.435611717747 0.267621694234 -0.267021177473 -0.963690661354
0.493889009252 0.723365503905 -0.0273481977081 0.999625968091
0.352007626027 0.706227369912 -0.583028254402 0.812451878309
0.335680471865 0.36771776757 -0.778954411265 -0.627080557162
0.65868822222 0.695083086566 0.631030763751 0.775757807051
0.70750683564 0.344616666375 0.80045733181 -0.599389739612
0.372672569268 0.303633234938 -0.544052511579 -0.839051169265
0.562526751939 0.742505505328 0.249669300541 0.968331162551
0.744522660924 0.560194733094 0.971011082313 0.23903447037
0.503690058074 0.733608262979 0.015793807922 0.999875270037
0.729294037595 0.399850364288 0.916402327265 -0.400258384776
0.317653122661 0.668128887141 -0.735187974167 0.677863292
0.519829109643 0.267971486014 0.0851486551721 -0.996368258488
0.357965849464 0.69748548851 -0.583882884338 0.811837900924
0.744372631083 0.447443781443 0.977646188695 -0.210256818509
0.72217481006 0.656260029696 0.817954651368 0.575282702943
0.217765799385 0.584096544044 -0.958361175548 0.285558850682
0.281656018524 0.350184653019 -0.824564349155 -0.565768180532
0.71865069104 0.385065839275 0.885161175086 -0.465284530282
0.72927785451 0.400439051983 0.917253723523 -0.398303410334
0.727532830083 0.600452233271 0.914814496478 0.403874283699
0.625174366465 0.289148912543 0.510481569355 -0.859888694744
0.615081021178 0.712547099817 0.476125772225 0.879377193827
0.706845378359 0.626683392712 0.852772576689 0.522282425942
0.542456046436 0.735811380233 0.177192015083 0.984176300157
0.206972224171 0.508185716641 -0.99961005199 0.0279238958771
0.262878752106 0.394741543178 -0.913996408937 -0.405722275023
0.25030619968 0.486585406108 -0.998559995758 -0.053646387315
0.297974164174 0.647336143981 -0.807959399982 0.589238158965
0.332016158984 0.690032125949 -0.662304745985 0.749234558364
0.315712494436 0.654668009108 -0.765978538331 0.642866143778
0.333267258404 0.68629722566 -0.666896156582 0.745150666869
0.631685571625 0.720205980317 0.51323858501 0.85824597573
0.297092702968 0.354131855709 -0.811961977761 -0.583710327706
0.691231148488 0.647067435988 0.792691637879 0.609622807347
0.675111268158 0.679858327509 0.69758808884 0.716499028826
0.715239971961 0.596353728594 0.912720878423 0.40858364883
0.293281992152 0.67433264084 -0.764447988513 0.644685406116
0.325601120294 0.66811516103 -0.719958231592 0.694017395144
0.533972926198 0.747680383685 0.135890968311 0.990723798408
0.704629474578 0.322784533889 0.755927172684 -0.654655718372
0.668135932952 0.30286092625 0.648919129869 -0.760857386696
0.707172197497 0.42816515712 0.944815645575 -0.327602496751
0.333987120899 0.696018768529 -0.646283922182 0.763097039654
0.472895453056 0.74758283737 -0.108825625253 0.994060854922
0.264930700473 0.608293973082 -0.908253294546 0.418420784553
0.726087246128 0.397705342318 0.91108288257 -0.41222321755
0.707899859765 0.69260349026 0.733578535854 0.679604687841
0.512079471776 0.724553092757 0.053715198851 0.998556296566
0.700205112306 0.359988502233 0.819486604557 -0.573098337942
0.412171416587 0.756211227878 -0.324272326312 0.945963772239
0.580811589366 0.244636868365 0.301708929052 -0.953400085027
0.387155450875 0.264526347836 -0.432160376129 -0.901796767184
0.57570806961 0.285978106539 0.333487335139 -0.942754579571
0.27603632115 0.440432901653 -0.966403426427 -0.257029993174
0.402922816913 0.264921043344 -0.381689018672 -0.924290805442
0.656949055817 0.692149419774 0.63259930999 0.774479252789
0.702133856749 0.665130479845 0.774430280146 0.632659261524
0.296679332523 0.651043015067 -0.802735409236 0.596335360983
0.310367420514 0.676013936418 -0.732935235464 0.680298420265
0.242750231558 0.534209331306 -0.991273719213 0.131819625238
0.327093222686 0.326789886923 -0.706486798516 -0.70772622074
0.289836197164 0.620253870983 -0.86795879842 0.496636209156
0.443414685756 0.774387964685 -0.201972538492 0.979391185224
0.41714585761 0.720766975386 -0.351368689159 0.936237173092
0.365435946902 0.297199213849 -0.552887175156 -0.833256126019
0.714311706706 0.628727847897 0.857245167783 0.514908460129
0.680267041948 0.335670445871 0.739020542345 -0.673682891271
0.697793777579 0.346816485789 0.790622034785 -0.61230449787
0.50524462184 0.247546878858 0.020769992328 -0.999784280442
0.280740289306 0.578378181306 -0.941645859521 0.336605221657
0.431303907927 0.291503469701 -0.312932375915 -0.949775409296
0.613869691496 0.725339023963 0.451010796429 0.892518493648
0.712467018068 0.292105605963 0.714756332017 -0.699373566731
0.77062994448 0.49722600559 0.999947472187 -0.0102495301199
0.258609765921 0.435288962595 -0.96589553864 -0.258932053703
0.522630918171 0.264761206394 0.0957610607659 -0.995404349619
0.356953306854 0.296596099264 -0.575251921671 -0.817976299543
0.682675157206 0.696526612727 0.680823392948 0.732447614246
0.746306702755 0.473429895566 0.994231977747 -0.107250987988
0.645399947078 0.699944572471 0.588132928115 0.808764278926
0.552213709879 0.744865509059 0.208544319082 0.978012917593
0.685701312577 0.343757211087 0.765190262398 -0.643804211179
0.518266455027 0.249120177637 0.072616790916 -0.997359915816
0.411598101108 0.740744715433 -0.344695675806 0.938714488586
0.69071023066 0.660284772759 0.765530952541 0.643399067999
0.359587768353 0.706498904282 -0.562289655532 0.826940350498
0.297957185576 0.304863862644 -0.71929422792 -0.694705558983
0.587977931654 0.731163342989 0.355695799409 0.93460178594
0.624610540986 0.293379935571 0.516438671426 -0.856324178484
0.275899787892 0.600619773401 -0.912265278027 0.409599880989
0.532571769096 0.252128235544 0.130284698545 -0.991476624699
0.245565952964 0.501774169171 -0.999975689882 0.00697277884364
0.643597699309 0.299242783918 0.581772748473 -0.813351381098
0.33768108741 0.308527302662 -0.646646205613 -0.762790065985
0.47947987032 0.766385193404 -0.0768037295238 0.997046231191
0.325235031158 0.314831665564 -0.686382045027 -0.727241148633
0.623948594641 0.283393161027 0.496660680642 -0.867944795655
0.724403600801 0.390426347376 0.898598058107 -0.438772754357
0.658778162777 0.671986125781 0.678329980177 0.734757400774
0.333356200412 0.686600865643 -0.666095240978 0.74586669717
0.240506047691 0.448486847446 -0.98086024084 -0.19471309134
0.425662947255 0.736351870887 -0.300026927406 0.953930732722
0.404437192061 0.288720839268 -0.41210899191 -0.911134555808
0.459780209265 0.235729539535 -0.150458274559 -0.988616360181
0.371185724679 0.295698312016 -0.53334509613 -0.845897752943
0.752059017934 0.608706792401 0.918244390925 0.396014189816
0.469341959445 0.254211366507 -0.123773242289 -0.992310528259
0.517772830606 0.250318271545 0.0710017327499 -0.99747619217
0.749991024431 0.50171558718 0.999976453603 0.00686237861971
0.659290314772 0.316578085864 0.655692930091 -0.755027669313
0.255429432925 0.551889657261 -0.978225458949 0.207545058875
0.273886280603 0.50297077547 -0.999913703909 0.0131371509717
0.32256622624 0.652204519087 -0.759006676683 0.65108284016
0.676456793262 0.653734829134 0.753983263088 0.656893628363
0.738999323577 0.578131534942 0.950499269345 0.310726791531
0.403621613247 0.739440663466 -0.373399110599 0.927670795166
0.267345631612 0.510830726258 -0.998918193492 0.046502072118
0.749487905462 0.484007966741 0.997951972798 -0.0639676479795
0.566408159394 0.746643559619 0.259986921493 0.965612137793
0.621369293032 0.752586914373 0.433099627032 0.901346056221
0.594154155305 0.283827683496 0.399316753338 -0.916813029196
0.671085735631 0.667872529917 0.713777893071 0.700372129202
0.660911202814 0.333189235715 0.694265033858 -0.719719433364
0.383081984069 0.670620749002 -0.565266687458 0.82490822038
0.567644780497 0.740478551026 0.27078165443 0.962640792624
0.261863335948 0.450536262748 -0.97910211372 -0.203369247698
0.482882128201 0.277827241926 -0.0768191364292 -0.997045044257
0.516349425533 0.248256873501 0.0648078391666 -0.99789776229
0.497480895746 0.750137493106 -0.010070287203 0.999949293372
0.745724781903 0.546037799155 0.982898217204 0.184149652778
0.322132797781 0.676861396238 -0.709108894131 0.705098983309
0.244362411194 0.39147321242 -0.920485969611 -0.390775613043
0.319768879159 0.683493659486 -0.70073593711 0.713420735922
0.277235011671 0.597398990342 -0.916249823268 0.400607365585
0.268003883347 0.590145371049 -0.932107615864 0.362181435813
0.270989626429 0.34954118784 -0.835762618102 -0.549090927063
0.736752863539 0.580678646581 0.946550558261 0.322555484615
0.502556939007 0.249994946531 0.0102269326371 -0.999947703557
0.625812955436 0.270997420933 0.481510391863 -0.876440381616
0.744555577294 0.545348396781 0.98323879712 0.182322428237
0.321957820091 0.647387596706 -0.770304874993 0.637675779344
0.712374348406 0.403587168215 0.910562692605 -0.413370999026
0.631048156075 0.304512983395 0.556825270646 -0.830629651512
0.570946581688 0.715222265499 0.313069743337 0.949730138411
0.519178251231 0.752446098766 0.0757508256234 0.997126778508
0.583409225309 0.263044960283 0.332032456916 -0.943267961692
0.731388849253 0.632616056508 0.867607034956 0.497250472997
0.705933271891 0.614347953016 0.87426532853 0.485448385857
0.566862674643 0.258949388816 0.26728650617 -0.963617104258
0.236326931756 0.557760762031 -0.976836618827 0.213986495177
0.475331698767 0.241413377647 -0.0949648403153 -0.995480627187
0.380823221155 0.71816286815 -0.479404904735 0.877593833909
0.332547924728 0.265107462032 -0.580483579596 -0.814271953231
0.289315619052 0.586583712499 -0.924939516903 0.380114311847
0.668210489354 0.687418307445 0.667941478332 0.744213800949
0.332673658424 0.302131077613 -0.645714142832 -0.763579233443
0.297360555643 0.374365836982 -0.849907920762 -0.526931234818
