100
0.2543102107210745 0.5462114461809375 -0.9827675029621717 0.18484597675226178
0.7240669223224356 0.6108784572432969 0.8962684160413653 0.4435120363718465
0.2668370951752078 0.5901948802422615 -0.9326519152706617 0.3607775006038576
0.3493582348891712 0.3004827767964796 -0.6025659124196694 -0.7980691205590223
0.69042771391901 0.6619796390761903 0.7617105487567661 0.6479174638120708
0.6211733629831441 0.7186712277883758 0.4846915311730379 0.8746851545608488
0.7150190277449381 0.6275418084923148 0.8600763145199398 0.5101653978875845
0.2644918215501897 0.41611947054249515 -0.942033029483503 -0.3355201504561743
0.3278600441093721 0.6812952213216635 -0.688559003272276 0.7251803217219079
0.7491803460888531 0.47977233682733517 0.9967214100814221 -0.08091001597640053
0.42657598020098014 0.26102520577465643 -0.2936942111515287 -0.9558994248016269
0.4360429965130942 0.2583194962665291 -0.25582642495960684 -0.9667227318587199
0.2532178503454341 0.4600177227326482 -0.9871286964223991 -0.1599279109455729
0.3619260121433265 0.2915884761938242 -0.5522956846906911 -0.8336482931500794
0.4943040347664733 0.25006489596503734 -0.022783678903787838 -0.9997404182964742
0.28068270903619635 0.6200000510821777 -0.8772694295255102 0.4799982791844006
0.3641135090318838 0.7098447156131571 -0.5435449579147219 0.8393800561875909
0.26841793605473613 0.5941793441672915 -0.9263289999967741 0.3767155210035503
0.2764833442772227 0.38801630358334793 -0.8940671699036494 -0.4479329142856985
0.29395399362459684 0.35841925473654795 -0.8241843606026052 -0.5663215868550967
0.5612049214473063 0.7423922113009764 0.24481801342781842 0.9695690487537525
0.6332242133777015 0.7115452880549389 0.5328951086921462 0.846181306300243
0.6779168360959965 0.6756293374862674 0.7116670120859006 0.7025169491967626
0.6515175126767034 0.6988528707122196 0.6060691356691448 0.7954119704840101
0.7099997019311594 0.36435265077499746 0.839999095961675 -0.5425877982258437
0.2603021381838029 0.5710278560850126 -0.9587918030746839 0.284109623836991
0.7321496511083849 0.4072333412134519 0.9286059313895657 -0.3710674119188011
0.4187848797408429 0.7364403708106134 -0.32485879079207786 0.9457625315295108
0.25730902760909913 0.43999068603047603 -0.9707640847596027 -0.24003560515234187
0.7211333955946793 0.616619453254918 0.8845339176128834 0.46647588211225327
0.2736089309108308 0.6060523793058749 -0.9055649418800056 0.42420765674120275
0.3127624749893822 0.6656569605916729 -0.7489497054142322 0.6626268472978851
0.749990242306688 0.5022087762504716 0.9999609703224246 0.008835034342611604
0.6961345898533595 0.6550202447274457 0.7845385803789083 0.6200800076579209
0.4210524826418311 0.2627926354365778 -0.315788136768265 -0.9488297279683156
0.7203791358344007 0.6180386495720526 0.8815168058811751 0.47215264581388355
0.7371036311370773 0.4207414876820646 0.9484148024824046 -0.31703211577419316
0.7303949332427954 0.40295288310468713 0.9215807438508299 -0.38818672383706165
0.43687395888258507 0.2581009965668555 -0.2525024640560487 -0.9675962513598447
0.6961751787259196 0.6549690726454209 0.7847005562715381 0.619875017231005
0.6363562349794575 0.709539934595628 0.5454236678151356 0.8381604993001546
0.3124990344041182 0.6653586807885205 -0.7500035580569571 0.6614337932869053
0.33540644617840976 0.31182891643400357 -0.6583770065810287 -0.7526883267365081
0.7086370666233117 0.63773409083154 0.8345483594372383 0.5509346928272117
0.2918293292077418 0.3615620436963156 -0.8326828341093047 -0.553750212442123
0.7462885022320173 0.45708162447911155 0.9851541227735885 -0.17167222950204097
0.7471542582353536 0.5376135864411214 0.9886171307157655 0.1504532115154973
0.6959276579338991 0.6552818821935886 0.7837104940251348 0.6211262847077712
0.6683017874336488 0.6848638205235966 0.6732062074416424 0.7394548006890215
0.3527284859023949 0.29798215580937254 -0.5890846048037902 -0.8080713634222921
0.7229114974225601 0.38681632178557784 0.8916462767680606 -0.45273272150978333
0.45465959296085384 0.7458540589198096 -0.18136035967596636 0.983416707168535
0.6808843518644658 0.3274300457596043 0.7235402121866943 -0.6902822331110902
0.3895182162914872 0.7242629054443848 -0.44192513495465213 0.8970519355618785
0.3363893819130207 0.689028257757234 -0.6544414327277752 0.7561126973733591
0.41878121581017297 0.2635607174035069 -0.32487323714949246 -0.9457575692448935
0.6096524645410153 0.27533043820214026 0.4386078515883135 -0.8986785590660789
0.3245234284861862 0.32193232253448667 -0.7019055429111155 -0.7122700392622536
0.602069322119398 0.2717854450632845 0.40827537742050746 -0.9128588150377595
0.261164348607103 0.42615327491688637 -0.9553752023685348 -0.29539502822370084
0.27243305381574234 0.39649465731043243 -0.9102680882999683 -0.414019332184768
0.4452898055430512 0.7439399238187152 -0.21883946002850993 0.9757608778458123
0.7105393409638869 0.36519165929785474 0.8421574909035094 -0.5392316390152803
0.6329229710987622 0.7117344910469942 0.531690511831791 0.8469387224752735
0.2514037458816123 0.5264557592002149 -0.9943850657232466 0.10582221442860978
0.4715441631884728 0.7483752559886409 -0.11382246953773673 0.9935011048953751
0.4071546401699535 0.7321201482542272 -0.37137951308385647 0.928481156115512
0.7495932425798854 0.5142553305585708 0.9983729866078803 0.05702086996584038
0.6488694014932833 0.7008432513160966 0.5954761863949084 0.8033729591146173
0.3572851133279166 0.7052573408212992 -0.570867084122494 0.8210424911449354
0.2946077596203741 0.6425276710508712 -0.8215689898970441 0.5701091078377459
0.6931236962182653 0.6587542268879443 0.7724973275255023 0.6350180146782899
0.29030946191966256 0.6361234046228074 -0.8387649546888426 0.5444936645965899
0.6618030378269324 0.6905771419734467 0.6472123358037098 0.7623097745559254
0.26228570993608824 0.5774067333974533 -0.9508586162898442 0.3096254056555482
0.5191787495815365 0.7492632618817903 0.07671439653594124 0.9970531085975943
0.7473508452795405 0.4637016660758774 0.9894034641155762 -0.14519223531614037
0.2537191108775715 0.45703795574156686 -0.985123668347024 -0.17184690297617383
0.7420130456815084 0.4373129818690973 0.9680527902387949 -0.2507464761684276
0.3156461169270677 0.6688601950918973 -0.7374150618579582 0.6754398763361723
0.2666020615978547 0.41041537234565106 -0.9335924427222604 -0.35833664464004095
0.5137429952970352 0.2503780955672311 0.054971560747536945 -0.9984879205623771
0.6882993719955242 0.3355510311942427 0.7531971349415001 -0.6577948585356347
0.5410127203105476 0.7466129204336482 0.16404970473156594 0.9864520740398319
0.6448686882579704 0.29625218804584613 0.5794732424551932 -0.8149912645412005
0.3074448140623103 0.34055528218109604 -0.7702204860617357 -0.6377777064548616
0.7122726543381682 0.6320621812747179 0.8490907790766266 0.5282469582373828
0.7447523986429818 0.5509537261166737 0.9790097452769829 0.20381344080481287
0.25072346412965124 0.5190055201913039 -0.9971061800089898 0.07602148241043497
0.31186372702618914 0.6646355322983024 -0.7525447416394782 0.6585411238721324
0.7464324512723046 0.5420839556510189 0.9857299183870488 0.16833457160269302
0.3003638034281465 0.3495157667078833 -0.7985446860726224 -0.6019355317184533
0.42287659893044344 0.7378066903225239 -0.3084916951824537 0.9512270359926994
0.6905051289361346 0.33811142153998786 0.7620202211179186 -0.6475532276248792
0.5454888797209589 0.7458267076240128 0.18195419247479785 0.9833070079282688
0.400786461379394 0.2705301133103337 -0.39685309958911713 -0.9178821369579594
0.34031383138442883 0.6923549913374946 -0.6387435294513748 0.7694197187387393
0.43143990535595644 0.2595846364340649 -0.27423858110310867 -0.9616616872032252
0.6650061440992845 0.31219511806763256 0.660036330949364 -0.7512336799071923
0.6619502501873562 0.3095472904989857 0.6477999053994976 -0.7618105293079127
