1000
0.356692562307 0.298601636291 -0.579766762569 -0.814782486938
0.387454695031 0.720751813189 -0.454202267284 0.890898591532
0.740101368252 0.563776941898 0.966485559015 0.256720985149
0.651872504058 0.300042352675 0.604841823866 -0.796345633568
0.653840998675 0.696351089288 0.616742343692 0.78716509164
0.278147588692 0.61626048962 -0.885746914082 0.464168508405
0.319966107093 0.324935916495 -0.716933030656 -0.69714204403
0.381716306337 0.718686028045 -0.475748929676 0.879581125259
0.699126217695 0.640504978186 0.817074371017 0.576532282034
0.299850177868 0.649793042404 -0.800613343429 0.599181336762
0.293714957154 0.642138124045 -0.823451189861 0.56738711469
0.518165295267 0.250698968438 0.07267166602 -0.997355918896
0.252239030623 0.490188530238 -0.999216832066 -0.0395692117252
0.639460198991 0.715607383675 0.543111560946 0.839660545915
0.40195658985 0.733570186886 -0.387042530097 0.922061863378
0.592552530342 0.729436445991 0.374097979416 0.927389185724
0.67158823597 0.317493253367 0.684977421776 -0.7285642948
0.263817077487 0.419036565057 -0.945963245572 -0.324273862693
0.704063341041 0.641364018238 0.822024380494 0.569452296398
0.653551556189 0.698980283503 0.610933580281 0.791681855599
0.305147991281 0.656898499328 -0.778882556832 0.627169803692
0.736610863102 0.42473539228 0.95295040607 -0.303126250217
0.343154938862 0.694113709561 -0.628484166056 0.777822378836
0.383914031734 0.720474893559 -0.465891061903 0.884842086724
0.350743053968 0.297439869576 -0.59320358162 -0.80505248944
0.315755541694 0.668175053276 -0.738581839047 0.674163828035
0.708995519531 0.369646874931 0.848489768166 -0.529211784938
0.723670133788 0.619520617488 0.881977120228 0.471292222929
0.730578778628 0.401367668605 0.919415780185 -0.393286947592
0.243861479077 0.472808662487 -0.994412428903 -0.105564772739
0.554941833396 0.743860705667 0.219789298547 0.975547366479
0.253683865257 0.457236318327 -0.985261834171 -0.171052968772
0.691357993474 0.331808384737 0.751109691118 -0.660177424567
0.746362522602 0.459844078498 0.986975427331 -0.160871084553
0.652333489227 0.301718872607 0.609231324924 -0.792992555282
0.351473986469 0.305461248458 -0.606833137351 -0.79482925425
0.705952283597 0.65817018587 0.793098217052 0.609093767912
0.709392243064 0.370982412 0.851367190671 -0.524570211362
0.749585521989 0.505080352024 0.999792901503 0.0203507764877
0.261773640976 0.578847925564 -0.949352285631 0.3142136817
0.546218184347 0.745000779971 0.185374070597 0.982668028355
0.637971262832 0.291652927456 0.552128733781 -0.833758874815
0.43064725981 0.740353225189 -0.27723301948 0.960802712793
0.259374794482 0.43245113507 -0.962783719412 -0.270273027947
0.320251542702 0.324657150828 -0.71582481195 -0.698279914215
0.729966914138 0.607313696174 0.906190285865 0.422870152416
0.371413151251 0.284972772022 -0.513233307226 -0.858249131869
0.391567120826 0.275937266997 -0.43560938042 -0.900135805137
0.659534703989 0.309814260365 0.642668682431 -0.766144219206
0.681291681782 0.667741667076 0.734005070029 0.679143988541
0.328110579557 0.694195592302 -0.662792023087 0.748803535069
0.427761826797 0.261943805125 -0.290373500833 -0.956913386893
0.726503147273 0.395783982978 0.908453866839 -0.417985133497
0.377051951893 0.273624805975 -0.477266212332 -0.878758762441
0.253110106811 0.460015875114 -0.987138546469 -0.159867101293
0.272924282643 0.394418568067 -0.906775653698 -0.421613464989
0.268720843357 0.405406630894 -0.925576926445 -0.37855957686
0.587631313251 0.265744685727 0.350369832065 -0.936611435324
0.256051135441 0.54433963153 -0.983880587808 0.178826700842
0.50935473319 0.744546867765 0.0382250592963 0.999269155354
0.410400415175 0.263899118031 -0.354805000496 -0.934940325167
0.292127788947 0.63816660715 -0.832817422733 0.553547776071
0.657638391376 0.315062430246 0.648701956666 -0.76104255559
0.685201218641 0.667934933008 0.740795457087 0.671730668318
0.406634370491 0.732361117503 -0.372838308764 0.927896328001
0.657836770938 0.304261917352 0.62771199998 -0.778445659684
0.74235894645 0.509205257192 0.999279478723 0.0379542277265
0.357465241562 0.706403786815 -0.568237842782 0.822864359436
0.692675623639 0.654905391976 0.779357833794 0.626579098681
0.755990479942 0.512414607746 0.998826139274 0.0484390700115
0.694739021908 0.657693605467 0.777152219188 0.629312663317
0.644527260157 0.287931905592 0.563163847967 -0.826345254929
0.722724834395 0.616217468958 0.886564144545 0.462605682635
0.568732608047 0.734900979502 0.280825812373 0.959758752555
0.350873904478 0.306491862658 -0.610413507517 -0.792082918538
0.425157859716 0.738939335684 -0.298904781525 0.954282941051
0.315843336875 0.669361194592 -0.736056561815 0.676920037973
0.747927794588 0.531636961546 0.991956633421 0.126578186955
0.438269526844 0.742760337433 -0.246441194036 0.969157746645
0.696299957208 0.654580868555 0.785647282608 0.618674670025
0.308825324609 0.66111249373 -0.764668593886 0.644423728244
0.255677468603 0.553757563693 -0.976639251531 0.214885486642
0.692304460683 0.661935784325 0.764921060198 0.64412403438
0.549600375078 0.743009875277 0.199983824869 0.979799198709
0.749893990001 0.491779101334 0.999459323232 -0.0328794951945
0.30225398018 0.652973684889 -0.790956601486 0.611872253469
0.65066033423 0.702333178683 0.597231341107 0.802069027702
0.300956976054 0.347796549983 -0.794369847386 -0.607434396099
0.30043551804 0.650436823607 -0.798531899376 0.601952494537
0.722438413407 0.613800624522 0.890257264871 0.455458013811
0.566363431907 0.259380659399 0.265873991608 -0.964007790729
0.751590386347 0.498564425 0.999983721431 -0.00570586306372
0.357959180492 0.291718218506 -0.563418343106 -0.826171756145
0.701476016303 0.653519734609 0.795405301849 0.606077887561
0.621334281338 0.27453110756 0.473880131005 -0.88058936028
0.283268779265 0.379632699574 -0.874224823803 -0.48552132543
0.477470618394 0.251222567816 -0.0901906035425 -0.995924522759
0.287345009109 0.368644776207 -0.85078185662 -0.52551901245
0.409530076654 0.737886519447 -0.355466749412 0.934688926896
0.685045118098 0.33732543208 0.751046167987 -0.660249690308
0.46308531267 0.248348059564 -0.145135212932 -0.989411830315
0.252374179235 0.483501618165 -0.997787868585 -0.0664783371076
0.681829541641 0.327794437661 0.726060486365 -0.68763083856
0.325052062156 0.677940734121 -0.701084653078 0.713078052683
0.354316650752 0.694021659018 -0.600439787054 0.799669970752
0.249924158043 0.47056262342 -0.993143015169 -0.116905737329
0.748968214051 0.474969323205 0.99498416244 -0.100032577162
0.629535871556 0.717335480034 0.511977081163 0.858999108477
0.335939402219 0.689772624615 -0.65399851805 0.756495828401
0.269530946328 0.416050660087 -0.939607513502 -0.342253883208
0.572608581951 0.739219049797 0.290437763994 0.956893884005
0.274472310465 0.6263123141 -0.872479108904 0.488651414125
0.7428715908 0.559879208288 0.970926661268 0.23937714686
0.508315868057 0.254591575553 0.0338661117867 -0.999426378716
0.687286000305 0.333684933857 0.747729468453 -0.664003495478
0.262671875595 0.570855731355 -0.958206804254 0.286076423847
0.589308746548 0.733002502898 0.357903121789 0.933758724411
0.563590620396 0.740160290069 0.255961514586 0.966686972629
0.255913288254 0.48620874537 -0.998407630816 -0.0564110160216
0.637625520336 0.70459330766 0.558147643461 0.829741651418
0.309656002243 0.338572688026 -0.762661113111 -0.646798288919
0.721484938956 0.384075114449 0.885982037876 -0.463719558097
0.541295087101 0.252452180347 0.164541682029 -0.98637013077
0.713872604848 0.61918522223 0.873520903765 0.486786637744
0.27854883157 0.377779481933 -0.875510696396 -0.483198738094
0.697493673203 0.654776359512 0.787087401583 0.616841488771
0.662893791085 0.689887823125 0.65109686097 0.75899464928
0.267361342257 0.407574933102 -0.929343267518 -0.369216861911
0.456860212915 0.252784788088 -0.171903977633 -0.985113710428
0.578285227158 0.262890842986 0.313517220776 -0.949582514728
0.508871344367 0.749818493861 0.0354885071679 0.999370084533
0.250851030379 0.519971276589 -0.996802799148 0.0799010613924
0.729595874926 0.600426218751 0.916190330306 0.400743407498
0.722310636893 0.612125453478 0.892864091427 0.450326230903
0.54619227013 0.746833946553 0.183944468175 0.982936637138
0.657159484627 0.308319908597 0.634035101752 -0.77330426725
0.511506950502 0.249839188207 0.0459492645143 -0.998943774739
0.737347456336 0.580832271498 0.946610199789 0.322380411403
0.310610201341 0.336404751762 -0.756761449955 -0.653691141031
0.744157764045 0.445962679136 0.976373300661 -0.216090670221
0.405987980632 0.26569520466 -0.372379240873 -0.928080654344
0.400580493147 0.722334545058 -0.408206946147 0.912889417793
0.601060573294 0.727473177997 0.406007075535 0.913869933095
0.74219484865 0.438626554232 0.969361251889 -0.245639498728
0.353963655631 0.705394738392 -0.579464453455 0.814997513605
0.316203531061 0.332965011202 -0.740045960132 -0.672556300165
0.31272421242 0.664598211 -0.751120450033 0.660165183528
0.353248544363 0.702405817322 -0.58698559119 0.809597378785
0.270357946741 0.404217084434 -0.922936768085 -0.38495158412
0.256740338059 0.55482139259 -0.97553449069 0.219846440666
0.340330824878 0.30749733324 -0.638413056079 -0.769693945557
0.75016765836 0.563335016519 0.96941543978 0.245425559217
0.389377067994 0.275738652659 -0.442381767405 -0.89682683494
0.430823720166 0.259651508793 -0.276586683463 -0.960988973158
0.691459224707 0.663955751463 0.759555175525 0.650442876303
0.275129705258 0.388259269573 -0.895531491419 -0.444998143678
0.69488393117 0.649981980696 0.792484543854 0.609891996794
0.28505779135 0.372423546261 -0.859935473009 -0.510402764747
0.567150047694 0.2679285491 0.277947254743 -0.96059633748
0.583286634769 0.264980256018 0.334025155285 -0.942564159958
0.532365423037 0.747867409876 0.12947544446 0.99158262857
0.595079705834 0.267935384546 0.379123447169 -0.925346103794
0.306621110905 0.663661491249 -0.763322069764 0.646018124987
0.466165183424 0.753516603911 -0.132288005451 0.991211321371
0.45916981615 0.251448502238 -0.1620987422 -0.986774542526
0.686164684775 0.335812790115 0.74998956009 -0.661449665323
0.711131649265 0.627552405153 0.855927720239 0.517095482214
0.262826423294 0.432006222503 -0.961277936834 -0.275580710784
0.661176633626 0.311761242531 0.650393325537 -0.759597605379
0.271723398068 0.601436566598 -0.913841625737 0.406070785788
0.373867088028 0.72239070252 -0.493341220035 0.869835869929
0.293440349678 0.360381159976 -0.828493896978 -0.559998091667
0.367502959557 0.717343161216 -0.520522235679 0.853848114224
0.304496800142 0.349742451145 -0.792878410855 -0.609379869704
0.279309778073 0.616402198074 -0.884506696024 0.466527496176
0.43373503629 0.741372357562 -0.264737156952 0.964320609408
0.475455777208 0.748792193388 -0.0981761484639 0.995169052912
0.388976151349 0.723318955716 -0.445171750131 0.895445203731
0.556365798683 0.743761920445 0.225286945088 0.974292457311
0.617063470266 0.279192251613 0.46840245984 -0.883515215271
0.513896934543 0.750062923525 0.0554876924817 0.998459371223
0.291565598228 0.375167460612 -0.857907754731 -0.513803741103
0.309132884097 0.346122992206 -0.778509411575 -0.627632931011
0.279660184013 0.608237336364 -0.897554834372 0.440902845643
0.326915695433 0.318199743653 -0.689532194947 -0.72425503252
0.383691895623 0.279670364859 -0.466829222906 -0.884347486366
0.63701852375 0.701856876058 0.561624312868 0.827392368345
0.341565650113 0.691535599506 -0.637381191578 0.770548646499
0.25702412007 0.56322279299 -0.967775321774 0.251815262772
0.67173166429 0.679886751971 0.690521018651 0.723312327284
0.653510580897 0.295823373194 0.600946082608 -0.799289563173
0.627133538503 0.716860303021 0.505743309013 0.86268401248
0.733323044105 0.409984179351 0.932975802797 -0.359939094008
0.726461423874 0.616405421159 0.889385179443 0.457158618629
0.306074063008 0.658147822477 -0.774972998809 0.631994344213
0.273489566802 0.596960508454 -0.91931532109 0.393521715295
0.30602693079 0.342308447866 -0.77594134301 -0.630805066726
0.247512510072 0.502683148856 -0.999943540605 0.0106261753105
0.270035241728 0.59793332576 -0.920045858455 0.391810691966
0.39397126901 0.725648719583 -0.425273383922 0.905064941829
0.740218243619 0.434950970599 0.965237048959 -0.261376049625
0.68969269046 0.663321094637 0.757819334812 0.652464447909
0.716229145502 0.382271582018 0.878262898477 -0.478178085193
0.270270625336 0.401088986155 -0.918485054458 -0.395455692508
0.655395193086 0.694614376103 0.623968619055 0.781449398512
0.635074437948 0.710395036416 0.540248181321 0.841505735322
0.678617809157 0.672256267284 0.719808824959 0.694172352886
0.271999407404 0.581921338164 -0.941096932852 0.338136899757
0.68694559636 0.340631677585 0.761005737325 -0.648745148544
0.6521342769 0.69843639648 0.608430008182 0.793607538487
0.70238809154 0.650836060278 0.801813062865 0.597574942763
0.250597524076 0.516474622881 -0.997825426216 0.0659122052208
0.366090793218 0.289175330946 -0.536155993333 -0.844118919829
0.295842087779 0.35606778786 -0.817306543686 -0.57620310104
0.525720298362 0.251897195973 0.103114493287 -0.994669493487
0.372162272404 0.285161854645 -0.511358005703 -0.859367785062
0.30360850688 0.662314092155 -0.770812556998 0.637062007951
0.369132338373 0.291506755957 -0.531630688943 -0.846976275095
0.657351287389 0.694270894848 0.629401455479 0.777080309776
0.442286747159 0.741828681417 -0.232132758735 0.972684112301
0.67148378843 0.317739453155 0.685246804927 -0.728310933831
0.315847806218 0.336775525735 -0.748349956249 -0.663304110482
0.338418319432 0.695190530146 -0.637671832904 0.770308141929
0.484849142085 0.750469191521 -0.0603790676422 0.998175519731
0.271395428308 0.604329337994 -0.909739353443 0.415179851146
0.696327359318 0.654807625371 0.785248231289 0.619181084383
0.253980542923 0.55331112573 -0.977317773644 0.211778113409
0.582856052001 0.733814777188 0.334012368474 0.94256869124
0.711223446085 0.63516769674 0.842299931792 0.539009113933
0.269917818738 0.593281369799 -0.926733284289 0.375719868773
0.351674727755 0.703812057724 -0.588425853711 0.808551182476
0.516744287589 0.747550014863 0.0674852744384 0.997720270283
0.491478611648 0.749889856763 -0.0340804959399 0.999419091171
0.604447443857 0.272524161301 0.417272464596 -0.908781431528
0.252968603575 0.538125600753 -0.988299145715 0.152528025554
0.688291245247 0.336226308292 0.754522196131 -0.656274527576
0.363246118289 0.288608659341 -0.54316954493 -0.839623037714
0.405478866986 0.73879965676 -0.368034132537 0.929812280672
0.337523971878 0.309251739452 -0.648435379656 -0.761269701492
0.541198452222 0.747765573575 0.164026629564 0.986455911227
0.307548956446 0.340242866682 -0.76943695899 -0.638722761564
0.277969128594 0.385038808297 -0.888026437204 -0.459792395356
0.677490347103 0.676033297655 0.71001511808 0.70418643277
0.756019326754 0.465395618571 0.990988872633 -0.133944220922
0.742217265809 0.444536698651 0.974771932132 -0.223203226517
0.547154262002 0.745512766938 0.1886156312 0.982050988324
0.579511280727 0.264102955774 0.319401823422 -0.94761937253
0.565320950215 0.7413133242 0.261284320328 0.96526188361
0.387014580649 0.722408364941 -0.45291502483 0.891553688952
0.339548336957 0.691649548154 -0.641938191837 0.766756387558
0.740335121918 0.443578924489 0.973533345403 -0.228545018298
0.252795429536 0.525645167286 -0.994662068659 0.103186090007
0.67758321661 0.675973004269 0.710319839065 0.703879056536
0.623002058847 0.724350624828 0.480744164688 0.876860905799
0.642161659125 0.701443721994 0.576590338999 0.817033402605
0.317911159605 0.671563917756 -0.727828629253 0.685759058591
0.716616656129 0.625005935716 0.86612623673 0.499825311531
0.257173780765 0.439466551657 -0.97030543792 -0.241882940993
0.737553642382 0.421573031197 0.949588476885 -0.313499161987
0.272603798774 0.396984695486 -0.910889601321 -0.412650135352
0.458246717041 0.254900575087 -0.167931906239 -0.985798597517
0.315682735999 0.333462699803 -0.741988385121 -0.670412735817
0.390974134045 0.273790873836 -0.434170622698 -0.900830655776
0.731510772726 0.398435968952 0.915753750497 -0.401740050843
0.489908498635 0.259367140065 -0.0419001479659 -0.999121803185
0.319680129718 0.328120613125 -0.72384495355 -0.68996266799
0.470471867735 0.748236917706 -0.11811778642 0.992999591405
0.717766269161 0.631559787117 0.855929122526 0.517093161057
0.505906719957 0.748799762103 0.023733979579 0.999718309432
0.472076288323 0.747573350459 -0.112078127689 0.993699397853
0.31847443337 0.678502358567 -0.713019369656 0.701144334995
0.749164118978 0.520203377553 0.996728815499 0.0808187376449
0.281791701554 0.374999408308 -0.867712250391 -0.497066847135
0.678716632798 0.32472398331 0.713945807319 -0.700200959876
0.329560200781 0.318906762994 -0.685362613862 -0.728201955175
0.683139774577 0.327401012592 0.727739607819 -0.685853528978
0.673549423765 0.310214455668 0.674835054907 -0.73796859599
0.319894358039 0.32640475768 -0.720000295154 -0.693973756693
0.625497664498 0.293145857519 0.518697718889 -0.854957704463
0.739337813696 0.573145052829 0.95633641651 0.29226812768
0.601501127998 0.722376424087 0.41522768741 0.909717520777
0.647038979326 0.700349540769 0.591666178538 0.806183064306
0.559055298137 0.748231838533 0.231442774491 0.972848519625
0.298049948184 0.657276516265 -0.788965911293 0.614436970581
0.611562115743 0.275940625455 0.445716801263 -0.895174023904
0.561912231539 0.737632800488 0.252119220442 0.96769618098
0.346452598438 0.690062766287 -0.628423538716 0.777871362108
0.491558612117 0.749857743014 -0.0337652421458 0.999429791643
0.469462073682 0.252039888748 -0.122232172909 -0.99250153446
0.629978259561 0.293785117038 0.533220933302 -0.845976025835
0.386455681662 0.714842758984 -0.467255965283 0.884122085974
0.651565838031 0.294605555993 0.593763113128 -0.804639898022
0.260577751024 0.461778196298 -0.987495949573 -0.157644376929
0.597516342937 0.271377538239 0.392337296709 -0.9198214205
0.400478719567 0.723395688112 -0.406936454293 0.913456469772
0.251603115791 0.474102029044 -0.99460887636 -0.103697555737
0.352622124116 0.297861231651 -0.589132131926 -0.808036713975
0.691798188939 0.341743557979 0.7713284772 -0.636437255557
0.674721668281 0.323804046595 0.704129825749 -0.710071255924
0.754888959241 0.458526800799 0.987019946486 -0.160597712435
0.637832413528 0.707842632605 0.552672713774 0.833398386998
0.723429057226 0.372438527125 0.868431883167 -0.49580849559
0.42655363831 0.26224155062 -0.295148158046 -0.955451497881
0.699599301922 0.355085748446 0.809216481648 -0.58751058359
0.722693607634 0.386516008669 0.890981604167 -0.454039404717
0.676463869514 0.672928351589 0.714225523512 0.699915638891
0.379141439213 0.718541506081 -0.483947155607 0.875097223502
0.285050940847 0.374424381013 -0.863449732999 -0.504434890331
0.579985520896 0.263303484977 0.32013771596 -0.947371016456
0.246466546634 0.498531778028 -0.99998323262 -0.00579089628935
0.334570193677 0.687463158487 -0.661668799901 0.749796238479
0.517217799833 0.251431016227 0.0691015654703 -0.99760962989
0.25042925851 0.481557208617 -0.99728071428 -0.0736965190895
0.713927905257 0.633321356409 0.848682345499 0.528902898875
0.288413766683 0.372520484593 -0.85654976277 -0.516064437738
0.747643683489 0.531216954176 0.99214852131 0.12506522963
0.62950138572 0.285437491147 0.51673379041 -0.856146126457
0.702362579556 0.345092148217 0.794055382536 -0.607845415765
0.341184729063 0.307352051302 -0.636098047372 -0.771608238764
0.34738948602 0.691106127036 -0.62400998948 0.781416363426
0.31711390076 0.682198052212 -0.708438164761 0.705772886068
0.25766093234 0.436840437959 -0.967675534885 -0.252198451987
0.291446606508 0.363289127715 -0.836328743866 -0.548228266495
0.255366736642 0.570810905173 -0.96056892949 0.27804196032
0.361256299091 0.292015963028 -0.554941774609 -0.831889191415
0.437582103188 0.259556546521 -0.251264901049 -0.967918358903
0.700529708692 0.351805604381 0.804221313035 -0.59432994175
0.340838364184 0.307536896111 -0.637286270694 -0.770627153158
0.372748861672 0.723346022796 -0.495036884868 0.868871959854
0.738086829993 0.575772509958 0.952905987055 0.303265856692
0.274944304389 0.392329290922 -0.902079869259 -0.431569124797
0.345181720631 0.698762693809 -0.614496348534 0.788919664883
0.547142915127 0.25388084512 0.188123723128 -0.982145337919
0.267343294827 0.572505268175 -0.95471386788 0.297525512314
0.408928921055 0.732817271877 -0.36428880209 0.931286029463
0.305857569218 0.340968075888 -0.773590285582 -0.633686097412
0.279829289922 0.618058654724 -0.88129739673 0.472562057848
0.413337208671 0.730692012608 -0.351666806071 0.936125236017
0.643158562684 0.294246658174 0.571132792813 -0.820857681315
0.689499011663 0.655338447522 0.773369824792 0.633955135716
0.742874912992 0.564019199885 0.966972251536 0.25488166815
0.374892415874 0.283574128714 -0.50046060751 -0.865759308544
0.293403891785 0.368114972662 -0.842894991987 -0.538078091435
0.664069155116 0.31086886437 0.65528472127 -0.755381978916
0.456034772581 0.253786365476 -0.175783575929 -0.984428836653
0.289529670579 0.365078193335 -0.841871000547 -0.53967881044
0.568226132185 0.259346953254 0.272752959695 -0.9620841039
0.693334404838 0.341500811466 0.773336963322 -0.633995221717
0.527285886541 0.250799839075 0.1088425083 -0.994059006492
0.696587523993 0.654408433972 0.786422269708 0.617689253353
0.706172262439 0.640754818133 0.825887092576 0.563835534812
0.317902597512 0.671274160507 -0.72842298226 0.685127695335
0.276398694601 0.399612520905 -0.912277916481 -0.409571731326
0.728327653746 0.605653127243 0.907549719933 0.419944646173
0.633470532077 0.28510590325 0.527612610887 -0.849485098653
0.362641274215 0.293030440767 -0.55296709102 -0.833203094239
0.324101910068 0.672586126852 -0.713794880301 0.700354816401
0.325707943833 0.674013581505 -0.707671900274 0.706541210095
0.391896691409 0.724849148552 -0.433301643338 0.901248958879
0.263062156958 0.578623592107 -0.949110475364 0.314943337053
0.707396540897 0.640035563236 0.828769947841 0.559589468768
0.289122940221 0.371127017097 -0.853276095136 -0.521459399637
0.747332678541 0.461599242691 0.988161031624 -0.15342025805
0.309421994801 0.662059005911 -0.761806166454 0.647805036067
0.683975752531 0.330441380841 0.735331641448 -0.677707442106
0.569845562773 0.74551405867 0.273627960293 0.961835609315
0.652618280548 0.300849243722 0.60827017532 -0.793730050972
0.317473237011 0.676607007478 -0.718664788217 0.695356687016
0.400110902325 0.728783977902 -0.400131356167 0.916457799253
0.707020074851 0.641092737609 0.826334571265 0.563179524071
0.657761432996 0.304090573085 0.627197499981 -0.778860254486
0.556461103812 0.254536474275 0.224163125272 -0.974551637046
0.667784559514 0.315126505115 0.672053280673 -0.74050279401
0.716054358031 0.630241347896 0.856427376864 0.516267516078
0.753689179949 0.516105743011 0.997990858135 0.063358086136
0.268303532532 0.411269520867 -0.933863313502 -0.357630132532
0.711522621511 0.633461211908 0.845727970316 0.533614280379
0.303596472346 0.656562367718 -0.781956638495 0.623332828843
0.5460688276 0.254280116528 0.184273101428 -0.982875080613
0.353670989699 0.702609106725 -0.585490140305 0.810679527067
0.297826012509 0.647586374996 -0.807688883364 0.589608910796
0.598745815211 0.728685414679 0.396418250903 0.918070024754
0.434986698484 0.741727782115 -0.259721272582 0.965683623434
0.519706374058 0.752111573994 0.0779269918717 0.996959068336
0.438320974258 0.742174474331 -0.246807729261 0.969064468845
0.298359531295 0.632045932032 -0.836582437852 0.54784105786
0.268442281238 0.423934784888 -0.950054317979 -0.312084592523
0.540346683686 0.252677920775 0.161004654781 -0.986953646905
0.677808896925 0.683460905495 0.695958955506 0.718081563787
0.476083053965 0.749183529454 -0.0955414285967 0.995425454477
0.669456588805 0.676219879813 0.693139195834 0.720803756371
0.268666862651 0.593458945211 -0.927192553877 0.374585061149
0.253188114387 0.539359964436 -0.987521794719 0.157482395696
0.676647320447 0.674035191622 0.712354088417 0.701820242452
0.746628351895 0.459873462403 0.987021589844 -0.160587612169
0.505177041813 0.249944167419 0.0206989425666 -0.999785753938
0.403189209222 0.731324295304 -0.386059447628 0.92247390364
0.517907099583 0.250551423192 0.0716019154718 -0.997433288847
0.744307783348 0.460223221882 0.987003787019 -0.16069699565
0.306743109805 0.649890006212 -0.790186130821 0.612866933892
0.751961659413 0.478885914491 0.996507318271 -0.0835054766589
0.26035196413 0.568069025255 -0.961949358073 0.273227803313
0.625754576767 0.284102985996 0.503315945 -0.864102458918
0.298549908009 0.65562857278 -0.791356669702 0.611354742616
0.268041013447 0.406463095386 -0.927435208439 -0.373983868834
0.586560175971 0.265460221742 0.346234497337 -0.938148001572
0.575392937581 0.740560233091 0.299060452832 0.954234167043
0.750278950052 0.448691813814 0.979626922782 -0.20082602461
0.390961414877 0.274015544455 -0.434561922289 -0.900641957548
0.570455345508 0.738936841029 0.282828819334 0.959170401417
0.250334809382 0.518041743814 -0.997399197754 0.0720752406878
0.258944738308 0.557612831572 -0.972607392176 0.232453996921
0.654624684197 0.303440642351 0.618278572397 -0.78595903641
0.614393413607 0.722267742575 0.457612967131 0.889151490081
0.27692773976 0.381609553083 -0.883307941634 -0.468793216938
0.409860005934 0.733188475867 -0.360552108793 0.93273907222
0.29066366777 0.63614919763 -0.838296943921 0.545213933987
0.621376770969 0.722791970166 0.478406637305 0.878138422678
0.275179597572 0.608351560589 -0.90083847536 0.434154398009
0.416064970105 0.26477472188 -0.336071764548 -0.941836381265
0.415005549607 0.734377724814 -0.340912767827 0.940094933894
0.373244589767 0.715484771211 -0.507017659404 0.861935666423
0.326187827327 0.682076307078 -0.690500685672 0.723331737923
0.431404355957 0.259228017 -0.273994226244 -0.961731336697
0.750876187633 0.530940983655 0.992480437024 0.122403358304
0.317065610198 0.67174851329 -0.729044987585 0.684465781524
0.262836415474 0.60198524747 -0.918663030715 0.395042068643
0.24963438489 0.490839174604 -0.99933127564 -0.0365650314826
0.740486530347 0.569164753507 0.961043397651 0.276397517773
0.65436181213 0.696491223008 0.617761071012 0.786365855784
0.257131303953 0.571529171173 -0.95926201127 0.28251795294
0.295708395606 0.358457758973 -0.821986529926 -0.569506931143
0.559410323445 0.741762727893 0.238636788842 0.971108893488
0.569404824619 0.259830277324 0.277620839769 -0.960690725117
0.328110617401 0.318673200759 -0.687968253928 -0.725740781263
0.366077686782 0.70932595941 -0.538920212246 0.842356815627
0.657264171637 0.304957437771 0.627683565225 -0.778468587643
0.625846162484 0.715910702914 0.503565740127 0.863956911755
0.281970544571 0.625360154511 -0.866918812877 0.498449367418
0.247807345367 0.481331595272 -0.997271446284 -0.0738218289312
0.314563829783 0.667572592055 -0.741939976543 0.670466308779
0.361834176018 0.291642202712 -0.552649869338 -0.83341353596
0.301523233979 0.652134526419 -0.793666812263 0.608352686451
0.697290855099 0.345825320159 0.787945116364 -0.615745477936
0.480227520686 0.250325852352 -0.0789453508031 -0.996878945302
0.57234634105 0.737806320388 0.291051220704 0.956707471972
0.654194804179 0.692065391098 0.626036455549 0.779793790899
0.421579633087 0.262741102143 -0.313826457602 -0.949480360255
0.44335032509 0.743471136638 -0.22662003693 0.973983243625
0.683865900997 0.331206022993 0.73665478194 -0.676268979213
0.709437689483 0.638475854006 0.834157679333 0.551526033845
0.467046750245 0.74687970882 -0.132304544592 0.991209113901
0.671635985384 0.314187159142 0.678528381919 -0.734574186131
0.266054556514 0.429673198109 -0.957665386153 -0.287883671237
0.309642326993 0.337975861908 -0.761505031504 -0.648158998235
0.280358016089 0.368832812984 -0.85855765741 -0.512717026149
0.256203163558 0.54057436118 -0.986432450228 0.164167661667
0.291411251303 0.637662540228 -0.834621303028 0.550824182959
0.502751502218 0.250573427593 0.0110305517619 -0.999939161613
0.747583713463 0.567656290642 0.964632142062 0.263599754364
0.384364327956 0.27841422066 -0.462645163381 -0.886543542529
0.316934048763 0.329735238211 -0.732245071163 -0.681041229117
0.507747164277 0.755499619405 0.0303074669175 0.999540623211
0.250345244484 0.515068465781 -0.998183493756 0.0602470977897
0.713410163465 0.363287228916 0.842038755333 -0.539417032099
0.529513727848 0.252030273266 0.118186404044 -0.992991426901
0.635165637996 0.710664714345 0.540016358489 0.841654520907
0.29763446973 0.353195903487 -0.809441765032 -0.587200160952
0.510384131025 0.25793406299 0.0428581643077 -0.999081166749
0.59908483194 0.730242843715 0.395296642099 0.918553517627
0.592236082644 0.732680031152 0.368507917953 0.929624609402
0.296957127043 0.632152081231 -0.838115730231 0.54549245892
0.663690174659 0.310770823829 0.654225829917 -0.756299255235
0.61879828778 0.280524746815 0.476020841376 -0.879433998988
0.262455223726 0.581189596776 -0.946256946723 0.323415817142
0.646459277085 0.30065067832 0.592071690442 -0.805885297903
0.397829675948 0.270026053889 -0.406002876502 -0.913871798597
0.328663135627 0.318005027276 -0.685465240721 -0.728105352104
0.251859749666 0.51944132289 -0.996944892509 0.0781081385014
0.652131225779 0.299510247125 0.604475321551 -0.796623867102
0.710204741068 0.645729202287 0.821821589507 0.569744921013
0.49802828412 0.749774400683 -0.00789367784046 0.99996884444
0.289199853421 0.369598421233 -0.850435225669 -0.526079772412
0.746874174391 0.426124606093 0.958026125857 -0.28668090654
0.663859598518 0.31847146268 0.670056970697 -0.742309676631
0.559676188273 0.260718224548 0.2419833895 -0.970280392055
0.342594204045 0.30558720946 -0.629255587406 -0.777198433939
0.342257187301 0.691119240239 -0.636549087235 0.771236189206
0.439553024946 0.258658405059 -0.242956057704 -0.970037295172
0.593923632448 0.268476959304 0.375919598297 -0.926652284094
0.410692196517 0.258565437364 -0.346928596163 -0.937891544457
0.249369364526 0.548789477849 -0.981574718543 0.19107870608
0.25997527848 0.43050210844 -0.960546539854 -0.278119299536
0.438201651582 0.257748737898 -0.247182450607 -0.968968955185
0.337742873486 0.690192313847 -0.649025481482 0.76076666882
0.739440605464 0.442608420735 0.972456003123 -0.233086511815
0.44551461564 0.738884121115 -0.222370547836 0.97496222463
0.714394482064 0.628608337955 0.857543805826 0.514410945733
0.701880534431 0.346819510823 0.796635371564 -0.604460159789
0.664038539726 0.695564518354 0.642650132255 0.766159779362
0.440400010066 0.741354229931 -0.239736898446 0.970837895595
0.488969763987 0.753434259699 -0.0434815666007 0.999054229442
0.685458680956 0.342536323446 0.762297033851 -0.647227341961
0.329095805347 0.680530237247 -0.687480612387 0.726202731744
0.713010109961 0.379481451551 0.870350952602 -0.49243194383
0.26564134576 0.414386486114 -0.939288252291 -0.343129099768
0.715444495362 0.375717796439 0.866208558095 -0.499682633161
0.355514549092 0.297587601783 -0.580984651165 -0.813914513392
0.652204394089 0.300140844991 0.605867986268 -0.795565197338
0.60171047797 0.271605609937 0.406810744771 -0.913512461841
0.655731945527 0.304428799237 0.622924440944 -0.782282008533
0.745133561735 0.545375830739 0.983296088876 0.182013190732
0.605126154715 0.72650629386 0.420986028296 0.907067122091
0.639326095246 0.293385791699 0.559089835936 -0.829107083164
0.278423375309 0.384753269841 -0.887173604729 -0.461435797345
0.555941900343 0.742475103102 0.224804951206 0.974403783815
0.2604154103 0.598350550782 -0.925088715638 0.379751060827
0.254897698183 0.53730682839 -0.988613820263 0.150474962651
0.681697864794 0.329628800421 0.729478380718 -0.684003868457
0.325704407052 0.673492120453 -0.70873848849 0.705471299865
0.28279118632 0.395715024109 -0.901483897829 -0.432812640707
0.320854474602 0.32319205644 -0.711735110897 -0.702447956731
0.61976434109 0.284245557791 0.485333983681 -0.87432884219
0.674322921493 0.685573021116 0.68466850588 0.728854606253
0.758060332716 0.503109785493 0.999927400346 0.0120496488329
0.265955017354 0.59038788244 -0.932850542489 0.360263605402
0.310810828512 0.336529492367 -0.75666536221 -0.653802362822
0.592368229645 0.267623839512 0.369380739409 -0.929278144236
0.579970228583 0.263156214511 0.319904127134 -0.947449919227
0.682884070152 0.327949759016 0.728351086973 -0.685204125867
0.40118443511 0.272021937933 -0.397690532355 -0.917519613128
0.271106955713 0.600432049742 -0.915729600749 0.401795094933
0.317333940166 0.673052294916 -0.725952357672 0.687744992269
0.612923947293 0.725705931863 0.447436896561 0.894315505622
0.261689939944 0.423067102004 -0.951640704398 -0.307213231703
0.305092927016 0.649901311785 -0.792678082998 0.609640432333
0.312110797046 0.334912301702 -0.751218871405 -0.660053185163
0.262924200606 0.568206546119 -0.961018932835 0.276482568587
0.747457712546 0.475760954998 0.995236999062 -0.0974849511359
0.357875299527 0.293542942283 -0.567030103023 -0.823697069477
0.735899175562 0.417547588505 0.943999037073 -0.329948205033
0.744230713129 0.446323136813 0.976689997946 -0.214654717889
0.63142248209 0.707184555818 0.535648669353 0.844440941109
0.666646311031 0.686005194812 0.667284999384 0.7448024769
0.513857068313 0.256008127211 0.0567013140163 -0.998391186354
0.30053890143 0.348451438929 -0.796243337357 -0.604976485258
0.294797545611 0.358775330306 -0.823765254422 -0.566931041316
0.565326443556 0.257313239947 0.259926182755 -0.965628489388
0.67433065501 0.679158215208 0.697384788362 0.716696907319
0.587337299848 0.259573347246 0.341428546294 -0.93990773365
0.252553836034 0.449767647022 -0.980010886152 -0.198943869026
0.581308243542 0.737070025982 0.324419224701 0.945913403354
0.314852956429 0.666837888062 -0.74288419086 0.669419957105
0.485311724022 0.749248828861 -0.058827643979 0.998268154508
0.252158292352 0.537414225928 -0.988796806553 0.149267797433
0.749981456073 0.503139720423 0.999921136136 0.0125587223723
0.751490286455 0.485849849544 0.998420886894 -0.0561759077729
0.369899915 0.276826781514 -0.503626158881 -0.863921693263
0.27144911323 0.39287537242 -0.905472849192 -0.424404193401
0.686532034388 0.666187050799 0.746652263368 0.665214550057
0.697691384225 0.345632117083 0.788176782229 -0.615448909297
0.685244575512 0.670431207733 0.735918963802 0.677069626195
0.330887891807 0.32326648972 -0.691356280499 -0.722514009148
0.686008677304 0.332967614138 0.744040672826 -0.668134325702
0.575845543212 0.740588175155 0.300662151294 0.953730711878
0.362705387157 0.287041013632 -0.541851727335 -0.840474095725
0.457204805905 0.257191763315 -0.173574303205 -0.984820776216
0.279762671233 0.376007735333 -0.871392439324 -0.490586604677
0.259279555133 0.570154994961 -0.960059589914 0.279795610783
0.72035270835 0.403012023367 0.915265691535 -0.402850734018
0.442568020685 0.748735166917 -0.224975396287 0.974364444685
0.742509820357 0.560695494543 0.970078830175 0.242790162993
0.264978272596 0.414768679081 -0.940090660907 -0.340924550707
0.619544237061 0.719577435671 0.478155934663 0.878274958169
0.507002731704 0.24806033352 0.0277843236153 -0.99961394116
0.733141621458 0.578853837119 0.947285231572 0.320391463754
0.252843075109 0.47626833831 -0.995421918964 -0.0955782571827
0.256009646561 0.459045522176 -0.986203774473 -0.165535842688
0.293100059098 0.363351136837 -0.834434211461 -0.551107563678
0.734206398495 0.588036901661 0.936054303443 0.351855568389
0.327215901314 0.670117554117 -0.712584035746 0.701586767264
0.449926150659 0.25506567764 -0.200293641962 -0.979735911861
0.663673363608 0.311888439488 0.656402283481 -0.754411056548
0.261319920235 0.595960270693 -0.927821494631 0.373024495309
0.381582912617 0.281133942114 -0.475860910112 -0.879520547928
0.362895037065 0.291123954065 -0.548739304772 -0.835993525931
0.265246066203 0.410218200953 -0.934022084446 -0.357215265305
0.691082846743 0.661445850453 0.763858873095 0.645383314003
0.542654041785 0.253990491193 0.170833660872 -0.985299883443
0.262165021885 0.589784914924 -0.935555784782 0.353178954018
0.323531960614 0.677158421787 -0.705724945719 0.708485921519
0.30271890086 0.651108629518 -0.793879342986 0.608075315055
0.501655948211 0.749617053975 0.0066337554336 0.999977996402
0.412060544613 0.731755754316 -0.354765554568 0.93495529374
0.717573756516 0.62644030576 0.86460483071 0.502452472094
0.637964997966 0.291781183695 0.552347656083 -0.833613859542
0.306213346631 0.664495853685 -0.762372083917 0.647138938454
0.631180162444 0.286717439541 0.523891408076 -0.85178506241
0.749423542136 0.516038374142 0.997939063036 0.0641687343476
0.684876500918 0.675460222056 0.725337339252 0.688393596924
0.377337714488 0.281872195071 -0.490154647999 -0.871635486339
0.637957438611 0.70846160049 0.551879357127 0.833923962467
0.524202587582 0.74822025139 0.0970435112797 0.99528013992
0.66059306919 0.691634667359 0.642299920097 0.766453398872
0.667452548973 0.315219010413 0.671507633948 -0.74099763667
0.638383192561 0.709032171313 0.552012948735 0.833835537998
0.702897195176 0.629782825606 0.842406813964 0.538842054582
0.362520217884 0.708793277017 -0.549938492587 0.835205157055
0.346023944667 0.307083441142 -0.623811569989 -0.781574772589
0.640894921466 0.292648385158 0.562024700338 -0.82712044843
0.26093160085 0.574682748615 -0.954510226728 0.298178180074
0.621377263604 0.280532253091 0.483966924734 -0.875086290467
0.729551275439 0.414225523142 0.936741467041 -0.350022033488
0.708579506742 0.361807505815 0.833635011866 -0.552315731255
0.722095297317 0.385648793972 0.889075667251 -0.457760262476
0.390389639864 0.274024322777 -0.436421334198 -0.899742418172
0.441496295589 0.252566642062 -0.230096419486 -0.973167836367
0.585455237496 0.734943120308 0.341816727405 0.939766633195
0.733357430106 0.426964544552 0.954350933182 -0.298687623337
0.351124964085 0.300556971279 -0.598178897619 -0.801362593613
0.511133219859 0.249654315628 0.044427125032 -0.999012627829
0.344118124794 0.696100484304 -0.62226088511 0.782809932782
0.541946191906 0.746446813999 0.167789556715 0.985822836344
0.310475629977 0.3346696537 -0.753568270628 -0.657369653621
0.649797390097 0.698950300491 0.601500603109 0.798872345535
0.291560707625 0.635424250043 -0.838557085569 0.544813742706
0.524025068091 0.748848989161 0.0960972005559 0.995371954621
0.289645018446 0.369134165016 -0.849096760917 -0.528237343057
0.625690916222 0.279397732059 0.495045855396 -0.868866848864
0.638330733496 0.708260070914 0.553287887588 0.832990104052
0.30567564614 0.345292311008 -0.782343617219 -0.622847063569
0.367443159832 0.711972537969 -0.530210447589 0.847866075078
0.327197818412 0.330824368489 -0.714565276045 -0.699568771652
0.249143913595 0.477766581939 -0.996095395819 -0.0882834210277
0.321093828664 0.68222373303 -0.700581250819 0.71357263891
0.747021747812 0.557901880828 0.97361127019 0.228212827332
0.280940132421 0.620593228506 -0.876030453681 0.482255787133
0.745868041405 0.453275659114 0.982417808094 -0.186695608786
0.252164900608 0.484535060162 -0.998058810855 -0.0622784880621
0.629667383866 0.292311131673 0.529591713636 -0.848252684551
0.646121318963 0.702185153989 0.585749598599 0.810492077532
0.378440899032 0.281519924272 -0.4861953275 -0.873850160792
0.451376338598 0.255112889962 -0.19475212825 -0.980852490715
0.749461238531 0.48453219669 0.998083255641 -0.0618854975635
0.583151450972 0.734075754623 0.334738016049 0.94231123341
0.262886856053 0.458380260571 -0.984942453813 -0.172882511191
0.646042178679 0.701359427575 0.587115726334 0.809503010428
0.580356728757 0.262242056152 0.320182524044 -0.947355873628
0.433978069006 0.746759248772 -0.258463087304 0.966021134604
0.734264623047 0.412399327329 0.936656199412 -0.350250145043
0.697985668117 0.638272643111 0.819849566564 0.572578979884
0.674698049008 0.67851962884 0.699415360318 0.714715435507
0.570442653152 0.265374870294 0.287552450224 -0.957764892012
0.250040129415 0.515250742955 -0.998143930992 0.0608990396051
0.331372144991 0.690413447337 -0.662981896794 0.748635428311
0.313564658085 0.666166694076 -0.746521405075 0.665361399365
0.257494384998 0.568209860876 -0.962646079367 0.270762859121
0.662957126553 0.310484917153 0.651979376731 -0.758236699401
0.501951186052 0.252300978337 0.00787693713611 -0.999968976449
0.254471217477 0.536527658327 -0.989114079053 0.147150734349
0.693678971026 0.657869622254 0.775123514269 0.63180973214
0.616313338115 0.278796585667 0.465401607733 -0.8850996235
0.252297736323 0.536579093965 -0.989271567209 0.146088214144
0.726777109641 0.601254541328 0.913116579387 0.407698555858
0.346656168392 0.302382395363 -0.613045825039 -0.790047350734
0.712545942597 0.63329312078 0.847188588413 0.531292288353
0.592152204825 0.276003247967 0.380459224824 -0.924797695848
0.251029364305 0.477348756818 -0.995886939179 -0.0906046597705
0.379012616771 0.281225559807 -0.483947172548 -0.875097214133
0.485080420914 0.743014885645 -0.0612777969004 0.998120750013
0.46158684307 0.252970287738 -0.153652406889 -0.988124960649
0.662902254545 0.309548017534 0.65000319718 -0.759931473
0.751481319861 0.490665632268 0.999311865936 -0.0370917052545
0.707064661725 0.645465862224 0.818264971052 0.574841227775
0.268182157737 0.598962685485 -0.919701965153 0.392617237642
0.26357990483 0.574243111064 -0.954063920666 0.299603129628
0.349148541851 0.697267402314 -0.607449077874 0.794358620392
0.730889052223 0.402312476588 0.92096273868 -0.38965065631
0.425746660317 0.735176186946 -0.301082238855 0.953598178189
0.677730949828 0.323269121804 0.709098991914 -0.705108941701
0.245786711129 0.483703614058 -0.997951606145 -0.0639733678435
0.333365410437 0.687257443352 -0.664772402086 0.747045951348
0.253078730566 0.442341509245 -0.973803560354 -0.22739090976
0.686848558519 0.663152118381 0.75325665878 0.657726695523
0.303066631039 0.655668310544 -0.784506154317 0.620121031605
0.271842683459 0.402782043785 -0.919966850324 -0.391996166187
0.636249531243 0.289642473438 0.543632011914 -0.839323677506
0.744465328735 0.481017112595 0.996998804209 -0.0774169516704
0.344802370915 0.308074451818 -0.62877975885 -0.777583445593
0.25127543343 0.474727007911 -0.994877380963 -0.101089054046
0.319242070544 0.672609666086 -0.723219756821 0.690617972069
0.258901848131 0.436634175763 -0.967154953658 -0.254187520572
0.705312861624 0.359157866914 0.824624379502 -0.565680680888
0.749079072557 0.521108945684 0.996428175907 0.0844445987509
0.596942466084 0.262878450345 0.378424401209 -0.925632201563
0.314399085746 0.328806169272 -0.735060389275 -0.678001640203
0.645690773953 0.292849185599 0.575275764306 -0.817959531396
0.274175949309 0.394710928008 -0.906330778707 -0.422568952443
0.323271654194 0.332017243517 -0.724813542913 -0.68894508345
0.372833989073 0.714914086751 -0.509236276073 0.860626757155
0.496643735966 0.74945164544 -0.0134532419671 0.999909501045
0.667692452956 0.303439140108 0.649030403344 -0.760762469852
0.28502264387 0.609662387095 -0.890796238566 0.454402972434
0.456268933213 0.750901475613 -0.171705930703 0.985148249433
0.488747488745 0.750170171301 -0.0449336409841 0.998989973878
0.296182176951 0.351983985521 -0.809142822912 -0.587612025175
0.67790015108 0.326450219646 0.715804830306 -0.69830039733
0.30987944622 0.339668596768 -0.764456011254 -0.644675892878
0.515079206845 0.74843305565 0.0605852795266 0.998163024713
0.528870119084 0.745773547413 0.116663297252 0.993171523491
0.307124582996 0.658454034215 -0.772686150348 0.634788242693
0.691348662927 0.66008344046 0.766985828014 0.64166403953
0.749874913172 0.517901373068 0.997443635846 0.0714576329803
0.697658174891 0.348578982273 0.793833651311 -0.608134963676
0.652222805778 0.30324765192 0.61191704049 -0.790921952887
0.748342742363 0.471607832455 0.993528195462 -0.113585759771
0.376369351215 0.723174433627 -0.484577343197 0.874748420096
0.567035454332 0.73995807661 0.269059423979 0.963123577932
0.281775763256 0.378371421221 -0.873489695434 -0.486842635737
0.657211883667 0.692333997657 0.632869865145 0.774258182902
0.252938939659 0.540274214552 -0.986972613223 0.160888348703
0.701010409397 0.650235968538 0.800997674496 0.598667458153
0.464112296194 0.747167296852 -0.143688202189 0.989623009308
0.329832421039 0.689819457148 -0.667511253083 0.744599709244
0.640278765495 0.300348815615 0.574898709112 -0.818224586688
0.552566350386 0.256308814235 0.210857501289 -0.977516810162
0.249829326098 0.506349111977 -0.999678110713 0.0253707501287
0.578021302739 0.736520717356 0.313265063157 0.949665730773
0.73237047938 0.603212527386 0.913904616263 0.405928999178
0.526678453264 0.250720260291 0.106413643595 -0.994321948092
0.283150484317 0.617344716427 -0.879488861383 0.475919470817
0.628871911758 0.28340661438 0.511327971502 -0.859385655896
0.655911705824 0.304576888546 0.623652869139 -0.781701412826
0.274026087772 0.383166438274 -0.888297863978 -0.459267792092
0.519660188619 0.749050323452 0.0786951874816 0.99689872478
0.677556296485 0.684356861268 0.693697261683 0.720266693061
0.411839621158 0.733763914855 -0.352871725679 0.935671708035
0.578326436155 0.737567515643 0.313120231554 0.949713493951
0.524121438636 0.754150203394 0.0944848568879 0.995526298909
0.667729435998 0.317279151061 0.676239763875 -0.736681601341
0.341803005138 0.691186755888 -0.637503690896 0.770447301309
0.700482096461 0.645287658439 0.809729868748 0.586802811563
0.660108858004 0.300940046008 0.626747126301 -0.779222715065
0.415967264142 0.735340653223 -0.336272449518 0.941764747533
0.475372135323 0.251218169016 -0.0985115357665 -0.99513590897
0.71014352286 0.635003279441 0.841341312325 0.540504205511
0.299934438584 0.660501949136 -0.780013701056 0.625762435885
0.681422355196 0.669561224529 0.730585859868 0.682820841334
0.518253131862 0.748246603924 0.0733296824465 0.997307754744
0.503613263069 0.249984858762 0.0144505524432 -0.999895585316
0.741077212167 0.5911605176 0.935361236658 0.353693874639
0.633967368208 0.287766468541 0.533778444519 -0.845624368243
0.703078434203 0.343774605331 0.792603411591 -0.609737510683
0.656261144731 0.694601898242 0.626109492721 0.779735149345
0.484317384187 0.249966613079 -0.0625985806247 -0.998038785671
0.25016803255 0.478846981191 -0.996434794866 -0.0843664600468
0.670441701575 0.682822458398 0.681906134589 0.731439692394
0.527906759665 0.757066938709 0.107923482754 0.994159203483
0.349621952815 0.300245486192 -0.601437137091 -0.798920127502
0.517005136763 0.249367579109 0.0676927485484 -0.997706215173
0.677451119798 0.319463963189 0.700987287248 -0.713173767827
0.401400520414 0.26901429551 -0.392590390368 -0.919713425688
0.382376912606 0.277067841772 -0.466646678068 -0.884443824021
0.402489962342 0.730510708183 -0.389591646726 0.92098770285
0.625560619181 0.284593362874 0.503590453746 -0.863942506708
0.74996701806 0.492244987623 0.999519106083 -0.0310089757101
0.369768918818 0.708894807504 -0.529038551535 0.848597791058
0.404296697619 0.269659595763 -0.383684624165 -0.923464189441
0.268338322013 0.593097544674 -0.927878374938 0.372882986098
0.578089771149 0.261509212677 0.311174899488 -0.950352661873
0.665153524446 0.687596238399 0.660782715661 0.750577246314
0.401333580461 0.270312058349 -0.394690326316 -0.918814206634
0.60705630946 0.277211152929 0.433116118035 -0.901338132056
0.295011628202 0.64465297854 -0.817052509793 0.576563263
0.394806453541 0.722513779607 -0.427395102749 0.904064945757
0.642807980457 0.299365026806 0.579884666638 -0.814698578247
0.42369087418 0.263878149956 -0.307514783386 -0.951543303271
0.333136494945 0.310688937746 -0.661229783144 -0.750183426825
0.703795338671 0.644401075729 0.815938244128 0.578139067845
0.538185969271 0.254952007689 0.153971155422 -0.988075342926
0.667926130739 0.314857307923 0.671827853954 -0.740707320506
0.579408692365 0.736919148956 0.31779461973 0.948159575003
0.665642707346 0.312682180008 0.6624354899 -0.749118963664
0.66365552506 0.319507579312 0.67170900559 -0.740815099609
0.335439789922 0.694850083475 -0.645226427696 0.763991398513
0.544474462065 0.745329602146 0.178375825167 0.983962430683
0.669698861629 0.307557226199 0.661394257917 -0.750038422745
0.628728681077 0.286794588381 0.516870282391 -0.856063730794
0.376349829008 0.281021745522 -0.491693604295 -0.870768281172
0.413502941387 0.265858265179 -0.346529905021 -0.938038925059
0.25042239668 0.511219103489 -0.998991187179 0.0449066580633
0.518051567615 0.250579369481 0.072184621529 -0.997391287517
0.746486151761 0.513919728856 0.998409249083 0.0563823673324
0.314241692391 0.333059492956 -0.743775983766 -0.668428968532
0.574211507706 0.27077443148 0.30800729761 -0.951383994305
0.641548567191 0.697773686578 0.582003704536 0.813186133617
0.737177759817 0.422531469328 0.950579164627 -0.310482288991
0.414224643572 0.265185657411 -0.343112784879 -0.939294212083
0.359011637229 0.298891277386 -0.574041123895 -0.818826470064
0.601918100369 0.280850437193 0.42168825934 -0.906740873643
0.320176651096 0.674266000778 -0.718116301222 0.695923112075
0.520195524512 0.257661217896 0.083047348641 -0.996545602511
0.747446297676 0.440060405278 0.971893074657 -0.235422707984
0.383278074867 0.725010573005 -0.460470291082 0.887675115699
0.696337417643 0.342088573781 0.779237514873 -0.626728725538
0.333630223349 0.685556112501 -0.667564987991 0.744551534018
0.485677560955 0.749039550767 -0.0574153713321 0.998350376939
0.620167109074 0.721396991195 0.477029480998 0.878887293263
0.67722240571 0.32989154096 0.721438381754 -0.692478636011
0.485395986559 0.250426572586 -0.0584155104246 -0.998292356047
0.432934471686 0.255794584606 -0.264820891128 -0.964297617762
0.749228076822 0.519624468287 0.9969143175 0.0784974111946
0.674172667504 0.669155231622 0.717364011881 0.696698553507
0.746147213644 0.492183307941 0.999496162256 -0.0317399060518
0.376510517675 0.283173350874 -0.494893834107 -0.868953446948
0.34610187145 0.702266970994 -0.605519411791 0.795830535946
0.35851904014 0.296213311259 -0.570292532481 -0.821441676199
0.305126066218 0.656626999617 -0.779447207204 0.626467917122
0.354597590162 0.703383336427 -0.581577739876 0.813490831221
0.325097125011 0.320957930129 -0.69878970097 -0.715327165581
0.251262205024 0.498061468548 -0.999969632758 -0.00779317401884
0.747718387845 0.562060975684 0.970021718224 0.243018242471
0.750088840479 0.501848455958 0.999972686657 0.00739093632994
0.480655308287 0.746678151929 -0.0781801174357 0.996939250525
0.624834602323 0.706630415654 0.517100147028 0.855924902047
0.628115597285 0.716981786488 0.508431016382 0.861102724174
0.749918870031 0.505763873119 0.999734159844 0.0230566615259
0.74014780239 0.461905060071 0.987650847579 -0.156671003302
0.26273975629 0.424058868371 -0.952403922148 -0.304838923166
0.466677275723 0.747769389689 -0.1332898076 0.991077104563
0.526346708571 0.749672524926 0.10494157906 0.994478388395
0.278567658813 0.614608313182 -0.888096810357 0.459656453706
0.544121724258 0.253984913191 0.176527774381 -0.984295659277
0.301532574772 0.347463517567 -0.792876994639 -0.609381712371
0.719959772941 0.38217539881 0.881499179281 -0.472185553492
0.443151842441 0.739149347856 -0.231264076217 0.972891014992
0.69850085777 0.353700597196 0.804987551662 -0.59329170032
0.29675041229 0.359101057639 -0.821837622458 -0.569721793784
0.334990352715 0.311858163711 -0.659376338222 -0.751813038323
0.513651350741 0.248893011875 0.0542840930933 -0.99852553159
0.512069775099 0.246500874968 0.0475584460446 -0.99886845691
0.636285950232 0.709595134709 0.545125197885 0.838354649675
0.504574138044 0.249794786931 0.0182783457178 -0.999832937084
0.313942286173 0.655823353613 -0.76664840032 0.642067154031
0.590218754124 0.261900945685 0.354327342946 -0.935121454166
0.694447786414 0.342658316111 0.777379153218 -0.629032314068
0.250727665894 0.518369791169 -0.997295674826 0.0734937886709
0.430662551136 0.739552024824 -0.278032068153 0.960571792777
0.642245722031 0.298882834617 0.577442334961 -0.81643147281
0.256801858023 0.526455093002 -0.994135546818 0.108141178805
0.257733608153 0.467338572783 -0.991034475296 -0.133606394959
0.281896751577 0.610266300038 -0.892431180678 0.451183541094
0.539353720828 0.747468706919 0.157050442216 0.987590582478
0.557873000554 0.744111212109 0.23068066886 0.973029510865
0.423967326862 0.744316761299 -0.29714685354 0.954831790124
0.405027190919 0.731228337286 -0.379930790533 0.925014915774
0.751418568272 0.474745499119 0.994993030908 -0.0999443267239
0.608904234916 0.27486025451 0.435447877832 -0.9002139444
0.606788422566 0.277001208123 0.431904020163 -0.901919573669
0.266154531219 0.396764097877 -0.914819170493 -0.403863696436
0.527186661334 0.748622025067 0.108700574113 0.994074537038
0.294634291752 0.642672090256 -0.821263875551 0.570548548956
0.651734502483 0.30421130196 0.612566502397 -0.790419053503
0.323053157423 0.670510193429 -0.720082508957 0.693888449461
0.735785726484 0.41959725553 0.946484765685 -0.322748490819
0.419994903812 0.736864382854 -0.320004346433 0.947416074523
0.737279334541 0.415976390134 0.942643896999 -0.333800065085
0.388085778175 0.724232719279 -0.446566500206 0.894750446155
0.611911661475 0.276765699549 0.44815513867 -0.893955799625
0.734801544744 0.414196498337 0.93925189338 -0.343228612999
0.28953049044 0.63076719949 -0.849404133753 0.527742946483
0.315978879635 0.66360005185 -0.747357762061 0.664421835498
0.739068094657 0.572936690036 0.956477132663 0.291807290336
0.385360283194 0.72180286429 -0.459149781291 0.888358867992
0.256149492021 0.524248735445 -0.995092193402 0.0989521431294
0.420970389592 0.737218215169 -0.316070702926 0.948735637969
0.321478157571 0.678931335874 -0.706296259575 0.707916374801
0.302635544624 0.652453057326 -0.791393922618 0.61130651824
0.307183904711 0.660960826594 -0.76767172615 0.640843288855
0.683486492381 0.671090195391 0.731381180873 0.681968890981
0.273866279306 0.604718581095 -0.907426363874 0.420211130442
0.432575812062 0.260793139227 -0.271292887259 -0.962496841201
0.304329628175 0.655570892958 -0.782749684354 0.622336670657
0.401032996528 0.270437936751 -0.39588768968 -0.918298936709
0.726298193927 0.382855376355 0.888068165743 -0.459711793403
0.731099850812 0.569539764143 0.957587247467 0.288143477261
0.583867279707 0.738644098253 0.331552297723 0.943436841487
0.727415625687 0.400262226389 0.915797791836 -0.401639645041
0.54966852853 0.258466846929 0.201422364292 -0.979504482462
0.613556096231 0.27690121848 0.453613250875 -0.891198641511
0.477960475603 0.753448964037 -0.0866308504834 0.99624048088
0.298047821647 0.644194252359 -0.813843403337 0.581084257956
0.742878413593 0.571803316717 0.958971221587 0.283503432375
0.718705883565 0.620448239769 0.875946042076 0.482409091302
0.658979120576 0.315419465605 0.652604624713 -0.757698623335
0.570157247901 0.25947660635 0.280015155715 -0.959995579453
0.426178838919 0.261434312081 -0.295606665869 -0.955309739872
0.260078261263 0.430454146696 -0.960463315888 -0.278406571103
0.401852435465 0.729900353835 -0.392628887908 0.919696991612
0.310841292523 0.660934180251 -0.76164304506 0.647996814739
0.286906632501 0.370798753886 -0.8551030676 -0.518458044379
0.263541927818 0.420327208386 -0.947652829933 -0.319302542926
0.290301908768 0.635546755271 -0.839827055654 0.542854047228
0.713283799444 0.369869081436 0.853654986208 -0.520838904579
0.68346424515 0.672046560897 0.729440497378 0.684044268147
0.542239049202 0.742579152487 0.171542382888 0.985176740932
0.340151636655 0.689593116924 -0.644585758796 0.764532013429
0.336602614827 0.309630103303 -0.651303619001 -0.758817234831
0.53407963434 0.251914436203 0.136091385115 -0.99069628792
0.721311519828 0.383583953171 0.885024058287 -0.465545289154
0.662744062069 0.309680294063 0.649899296179 -0.76002033185
0.668373197998 0.315184038862 0.673457643453 -0.739225812911
0.542767366228 0.750056739136 0.168581572164 0.985687705882
0.6885424499 0.337970403448 0.758418028549 -0.651768435851
0.63629613412 0.711067285748 0.54247319327 0.840073112642
0.482275266869 0.24795784372 -0.0701506832541 -0.997536406172
0.727513036614 0.402446625471 0.91907592288 -0.39408050952
0.571024597629 0.260573304707 0.284393388182 -0.958707672212
0.295917671633 0.644372843264 -0.816375008362 0.577522160372
0.361949618156 0.292562390645 -0.554028234499 -0.832497877101
0.74242021788 0.444169026343 0.974490237639 -0.224429892722
0.718982420522 0.620205430627 0.87661355501 0.481195048991
0.253627094617 0.550431188405 -0.979686533241 0.200535025833
0.332988604733 0.314688166418 -0.669475291383 -0.742834324885
0.369577550063 0.287201237866 -0.522553107813 -0.852606737902
0.695275410484 0.643739866747 0.805346523529 0.592804332845
0.542802616439 0.25353481298 0.171103639719 -0.98525303576
0.749744110157 0.510870457794 0.999054085917 0.0434848641795
0.734351455282 0.559393365869 0.969353915177 0.245668449606
0.681223275452 0.666504450726 0.736378457381 0.676569854121
0.257484718899 0.567680545911 -0.963194855379 0.268804149097
0.338657239172 0.309612006442 -0.646514211675 -0.762901942652
0.340343867162 0.304508851299 -0.632545926367 -0.774522853786
0.547075105573 0.7421684133 0.190816713287 0.981625683206
0.628560645851 0.714049865192 0.514879245439 0.857262715051
0.278804985446 0.610341417333 -0.894842087848 0.446382837726
0.740679842654 0.53074639827 0.991938873567 0.126717288113
0.672161032735 0.668364513981 0.71494594814 0.699179727422
0.692660446495 0.653185468648 0.782734530365 0.62235573025
0.432074412818 0.255730676173 -0.267909487252 -0.963444085892
0.535691740166 0.743458840611 0.145051173269 0.989424154311
0.663813002477 0.690783587513 0.651442237571 0.75869823455
0.317497933892 0.336281610455 -0.7443753998 -0.667761382661
0.499857428834 0.749964635815 -0.000570360688251 0.999999837344
0.698830170821 0.656160811381 0.786439732367 0.617667019805
0.40244207092 0.729504157606 -0.391202176304 0.920304763247
0.531507983721 0.747975532895 0.12604648573 0.99202433611
0.695136653484 0.343755513397 0.780605519429 -0.625024017968
0.312718217984 0.672189041066 -0.736147019939 0.67682166413
0.254808376249 0.49495464486 -0.999788360306 -0.0205726662529
0.724322684323 0.389101017762 0.896436791642 -0.443171613025
0.43538890685 0.259243693812 -0.259194009345 -0.965825276911
0.693507506578 0.660284434695 0.770120471887 0.637898470589
0.742042445702 0.43755667753 0.968296371211 -0.249804198323
0.326321031124 0.317044105007 -0.688480205153 -0.725255132428
0.250891343474 0.477188820717 -0.995833606954 -0.0911889645748
0.568444078728 0.740363059742 0.273864450691 0.961768299877
0.695699302228 0.652945958782 0.787915800499 0.615782990447
0.400407395428 0.729834786471 -0.397597312963 0.917560012601
0.694388009786 0.650152473744 0.791396787263 0.611302809669
0.332727389381 0.686602422951 -0.667486924167 0.744621518669
0.486501202599 0.252458992746 -0.0544502217778 -0.998516486268
0.254022689455 0.49493942602 -0.999788439562 -0.020568814231
0.65946501942 0.691830215754 0.639252442989 0.768996953266
0.747325947503 0.548606004719 0.981230981901 0.192836096617
0.43453282598 0.741271781864 -0.261871152922 0.965102843881
0.644127647413 0.702664468129 0.579551319754 0.814935744566
0.263891437569 0.565508389202 -0.96359973489 0.267349118047
0.653958535122 0.302479763999 0.614764760076 -0.78871052343
0.506029601746 0.747208009216 0.0243833515974 0.999702681883
0.253743511026 0.542285570262 -0.985575659763 0.16923539489
0.38365850982 0.287542397965 -0.480299144777 -0.87710474376
0.679270610326 0.325746697492 0.717070099916 -0.697001055815
0.712751285833 0.644888624935 0.826533663845 0.562887291143
0.241304879993 0.512457453065 -0.998842579674 0.0480988672528
0.285045773902 0.641354786848 -0.835529308582 0.549445879501
0.510276841814 0.251341957842 0.0412936317174 -0.999147054232
0.644894768012 0.296198115682 0.57944039356 -0.815014619691
0.44731507042 0.735716787386 -0.218125798828 0.975920660651
0.695378062289 0.357673747953 0.808277832958 -0.588801277809
0.252500811949 0.526566708807 -0.994288398669 0.106726661483
0.7376809366 0.577494274001 0.950742666337 0.30998126138
0.350788209337 0.691272542235 -0.61508023476 0.788464523494
0.583675271255 0.735586867953 0.334691948302 0.942327596827
0.263433574062 0.570140710228 -0.958746797028 0.284261462721
0.378515444321 0.721831371198 -0.480329709717 0.877088005826
0.264108566413 0.580685079175 -0.946182575748 0.323633331643
0.282765794687 0.375431328308 -0.867495000916 -0.497445899958
0.528834021304 0.752829605392 0.113309933456 0.993559690698
0.743164222536 0.520732247647 0.996385099356 0.0849513612723
0.250046130606 0.495476589988 -0.999836292497 -0.0180938720743
0.396171376362 0.277371183813 -0.422666908833 -0.906285100936
0.724401344129 0.617004938238 0.886705618818 0.462334452054
0.447575293451 0.745513339274 -0.208821907109 0.977953685566
0.391993041055 0.272230728701 -0.428461221812 -0.903560170328
0.530183826996 0.754597322536 0.117729819479 0.993045663404
0.474929419455 0.748543023241 -0.100360120672 0.994951177786
0.609193524551 0.279014788077 0.442990602699 -0.896526255009
0.555337369272 0.739248108484 0.225346078763 0.974278781862
0.2537905258 0.549249169904 -0.980575379483 0.196142614317
