274
0.279899 0.173171 -0.952704 -0.303899
0.267637 0.187782 -0.903305 0.428998
0.268512 0.19861 -0.939874 0.341522
0.28496 0.214389 -0.960053 0.279817
0.282469 0.237132 -0.480982 0.876731
0.294409 0.252009 -0.532694 0.846308
0.317153 0.254499 -0.994637 0.103429
0.326215 0.269072 -0.999048 0.0436139
0.318389 0.290572 -0.675594 0.737274
0.326451 0.30786 -0.71857 0.695455
0.34795 0.315685 -0.990721 -0.135913
0.353289 0.331994 -0.980784 -0.195096
0.340578 0.351019 -0.831482 0.555551
0.344299 0.369726 -0.917249 0.398313
0.351993 0.374868 -0.993505 -0.113789
0.34869 0.395033 -0.999603 -0.0281791
0.34784 0.407944 -0.998905 0.0467783
0.347961 0.420883 -0.998256 0.0590259
0.34905 0.433776 -0.975162 -0.221493
0.349353 0.442708 -0.996142 -0.0877567
0.343788 0.453381 -0.766429 0.642329
0.352376 0.480674 -0.712828 0.701339
0.361861 0.485619 -0.913617 0.406576
0.375556 0.512965 -0.93697 0.349411
0.38726 0.542864 -0.947781 0.318922
0.397991 0.573126 -0.957601 0.288098
0.407737 0.60372 -0.966418 0.256975
0.41649 0.634612 -0.974226 0.225576
0.424237 0.665772 -0.981009 0.193961
0.430974 0.697166 -0.986771 0.162123
0.436691 0.728762 -0.991499 0.130116
0.441383 0.760526 -0.995188 0.0979807
0.445046 0.792425 -0.997837 0.06574
0.447675 0.824426 -0.996449 0.0841943
0.449267 0.856494 -0.981843 0.189694
0.449962 0.862311 -0.888992 0.457924
0.450986 0.866118 -0.598029 0.801474
0.466748 0.885271 -0.233158 0.972439
0.473856 0.888275 0.350602 0.936525
0.493695 0.889681 0.927073 0.374881
0.501297 0.882052 0.879909 0.475143
0.501053 0.865883 0.886194 0.463315
0.526333 0.84984 0.844338 -0.535811
0.525918 0.839924 0.838446 -0.544985
0.499384 0.826052 0.900883 0.434063
0.499022 0.820376 0.90556 0.424219
0.523577 0.803245 0.820169 -0.572121
0.52273 0.793356 0.813859 -0.581062
0.495616 0.780655 0.918964 0.394341
0.495007 0.774999 0.923224 0.384263
0.518793 0.756814 0.794394 -0.607403
0.517514 0.746972 0.787746 -0.616
0.489872 0.735465 0.935287 0.353891
0.489017 0.729842 0.939098 0.343648
0.511987 0.710636 0.767157 -0.641459
0.510281 0.700859 0.760093 -0.649814
0.482163 0.690569 0.949847 0.312716
0.481062 0.684988 0.953183 0.302394
0.503173 0.664799 0.738465 -0.674292
0.501042 0.655106 0.726675 -0.686981
0.472503 0.646053 0.964688 -0.263396
0.464457 0.61468 0.956056 -0.293185
0.455443 0.583573 0.946506 -0.322685
0.445469 0.552759 0.93604 -0.351892
0.434544 0.52227 0.925062 -0.379817
0.422678 0.492134 0.976973 -0.213362
0.411624 0.466285 0.932081 0.36225
0.411539 0.46301 0.408392 0.912806
0.41387 0.460593 -0.215927 0.976409
0.41708 0.460471 -0.677309 0.735698
0.418054 0.460969 -0.854525 0.519411
0.419892 0.463929 -0.852176 0.523254
0.422423 0.468185 -0.816745 0.576999
0.428481 0.477745 -0.754692 0.656079
0.435468 0.486649 -0.684956 0.728584
0.443313 0.494806 -0.608286 0.793718
0.451938 0.502134 -0.525534 0.850773
0.461256 0.508558 -0.437422 0.899256
0.471171 0.514014 -0.344892 0.938642
0.481585 0.518446 -0.248901 0.968529
0.492391 0.521811 -0.150319 0.988638
0.50348 0.524073 -0.428638 0.903476
0.514741 0.525209 -0.335759 0.941948
0.526059 0.536527 0.150321 0.988637
0.537319 0.535391 0.2489 0.968529
0.548408 0.533129 0.344891 0.938643
0.559214 0.529764 0.437422 0.899256
0.569628 0.525332 0.525533 0.850773
0.579543 0.519875 0.608305 0.793703
0.58886 0.513452 0.684955 0.728585
0.597485 0.506124 0.754674 0.656099
0.605331 0.497967 0.816745 0.576999
0.612318 0.489063 0.861311 0.508077
0.618376 0.479503 0.6972 0.716877
0.621929 0.473016 0.0865359 0.996249
0.624788 0.471552 -0.634362 0.773036
0.62796 0.472533 -0.998474 0.0552255
0.629521 0.475414 -0.928141 -0.372228
0.61859 0.502318 -0.935205 -0.354107
0.607121 0.531292 -0.945361 -0.326025
0.596524 0.560595 -0.954668 -0.297672
0.586805 0.590201 -0.963125 -0.269055
0.577975 0.620084 -0.970725 -0.240193
0.57004 0.650218 -0.742341 -0.670023
0.563007 0.680575 -0.753645 -0.657281
0.534681 0.690276 -0.946045 0.324036
0.532772 0.700015 -0.942454 0.334336
0.555336 0.719696 -0.774757 -0.632259
0.554364 0.7253 -0.781585 -0.623799
0.526488 0.736228 -0.931023 0.36496
0.525005 0.746041 -0.92698 0.375112
0.548406 0.764719 -0.801582 -0.597885
0.547679 0.770361 -0.808043 -0.589123
0.520307 0.782494 -0.914215 0.405229
0.519253 0.792362 -0.90973 0.4152
0.543447 0.810001 -0.826899 -0.562351
0.542967 0.815669 -0.832958 -0.553337
0.51615 0.828985 -0.895676 0.444707
0.515527 0.83889 -0.89079 0.454415
0.540469 0.855457 -0.850602 -0.525811
0.540235 0.86114 -0.85633 -0.516429
0.514024 0.875613 -0.875406 0.483388
0.513835 0.885536 -0.264768 0.964312
0.537818 0.9 0.373132 0.927778
0.566179 0.899808 0.862901 0.505372
0.589813 0.877436 0.984439 0.175725
0.591011 0.872681 0.996957 0.0779523
0.591531 0.867812 0.997836 0.0657522
0.593123 0.835743 0.995187 0.0979933
0.595753 0.803742 0.991499 0.130116
0.599415 0.771844 0.986771 0.162122
0.604107 0.740079 0.981012 0.193948
0.609825 0.708484 0.974226 0.225576
0.616561 0.67709 0.966415 0.256987
0.624309 0.64593 0.957601 0.288098
0.633061 0.615038 0.947785 0.31891
0.642807 0.584444 0.93697 0.349411
0.653538 0.554182 0.932061 0.3623
0.665243 0.524282 0.745667 0.666319
0.675005 0.498987 0.462335 0.886705
0.68163 0.495533 0.766446 0.642308
0.688422 0.491992 0.996141 -0.0877722
0.69701 0.464699 0.975166 -0.221476
0.691445 0.454025 0.998254 0.0590738
0.691749 0.445094 0.998905 0.0467802
0.692838 0.432201 0.999603 -0.0281771
0.692959 0.419261 0.994681 -0.103004
0.692109 0.406351 0.985546 -0.16941
0.690295 0.393539 0.924542 0.381079
0.688806 0.386186 0.831482 0.555552
0.6965 0.381044 0.980784 -0.195096
0.700221 0.362336 0.990721 -0.135913
0.687509 0.343312 0.718569 0.695455
0.692848 0.327003 0.67558 0.737287
0.714348 0.319178 0.999048 0.0436153
0.72241 0.30189 0.994637 0.103425
0.714584 0.28039 0.532698 0.846306
0.723646 0.265818 0.480986 0.876728
0.74639 0.263327 0.960049 0.279833
0.75833 0.248451 0.939873 0.341525
0.755839 0.225706 0.903305 0.428999
0.772287 0.209927 0.952704 -0.303898
0.773162 0.1991 0.459093 -0.888388
0.7609 0.184488 -0.329739 -0.944072
0.75021 0.183617 -0.702825 -0.711363
0.735534 0.197382 -0.735046 -0.678017
0.726384 0.206904 -0.764722 -0.644361
0.717812 0.216586 -0.797971 -0.602696
0.706267 0.230989 -0.831348 -0.555752
0.695571 0.246032 -0.861962 -0.506973
0.68576 0.261666 -0.889725 -0.456497
0.676864 0.277839 -0.914525 -0.40453
0.668914 0.294497 -0.906216 -0.422815
0.661936 0.311586 -0.780515 -0.625137
0.659914 0.31542 -0.493127 -0.869958
0.653367 0.320998 -0.197853 -0.980232
0.64926 0.322385 0.0539926 -0.998541
0.644936 0.322699 0.362094 -0.932142
0.640672 0.321921 0.619718 -0.784824
0.633386 0.317349 0.673573 -0.73912
0.625113 0.309224 0.616624 -0.787258
0.616257 0.301739 0.528885 -0.848693
0.606869 0.294934 0.375693 -0.926744
0.602221 0.292471 0.179577 -0.983744
0.59717 0.291002 -0.024059 -0.999711
0.591926 0.290591 -0.226646 -0.973977
0.586708 0.291254 -0.419887 -0.907577
0.581733 0.292963 -0.595562 -0.80331
0.57721 0.295649 -0.746344 -0.66556
0.573326 0.299196 -0.839329 -0.543624
0.570245 0.303459 -0.891336 -0.453343
0.557334 0.325822 -0.952018 -0.306041
0.555119 0.330816 -0.995168 -0.0981897
0.554008 0.336167 -0.99349 0.113922
0.554052 0.34163 -0.947083 0.320987
0.555246 0.346963 -0.858023 0.513611
0.55754 0.351923 -0.730387 0.683033
0.560827 0.356286 -0.635897 0.771774
0.564961 0.359859 -0.663294 0.748359
0.572274 0.365601 -0.747413 0.66436
0.578853 0.372171 -0.820992 0.57094
0.584605 0.379474 -0.882926 0.469512
0.58945 0.38741 -0.932391 0.361452
0.59332 0.395862 -0.968707 0.248207
0.596159 0.404716 -0.991315 0.131511
0.597927 0.413843 -0.999916 0.0129339
0.5986 0.423117 -0.994386 -0.105816
0.598167 0.432403 -0.974806 -0.223055
0.596636 0.441574 -0.94144 -0.337182
0.594027 0.450497 -0.894776 -0.446516
0.590377 0.459049 -0.835457 -0.549555
0.585739 0.467106 -0.764336 -0.644818
0.580177 0.474556 -0.682439 -0.730943
0.57377 0.481293 -0.590858 -0.806775
0.566609 0.487223 -0.490955 -0.871185
0.558795 0.49226 -0.384119 -0.923284
0.550439 0.496336 -0.271824 -0.962347
0.541658 0.49939 0.28096 -0.959719
0.532576 0.501381 0.479955 -0.877293
0.508223 0.477028 0.271838 -0.962343
0.499142 0.475038 0.384115 -0.923285
0.490361 0.471983 0.490938 -0.871194
0.482004 0.467908 0.590859 -0.806775
0.47419 0.46287 0.682416 -0.730964
0.467029 0.45694 0.764361 -0.644788
0.460622 0.450203 0.835475 -0.549528
0.455061 0.442753 0.894758 -0.446551
0.450422 0.434696 0.94144 -0.337181
0.446772 0.426145 0.974806 -0.223055
0.444163 0.417221 0.994385 -0.105818
0.442632 0.408051 0.999916 0.0129325
0.442199 0.398764 0.991314 0.131513
0.442872 0.38949 0.968707 0.248207
0.44464 0.380363 0.932398 0.361432
0.447479 0.37151 0.882924 0.469516
0.451349 0.363056 0.820958 0.570989
0.456194 0.355122 0.747411 0.664362
0.461947 0.347818 0.663338 0.74832
0.468525 0.341249 0.635879 0.771788
0.475837 0.335506 0.730353 0.68307
0.479972 0.331934 0.858022 0.513613
0.483259 0.32757 0.947082 0.320991
0.485553 0.32261 0.993489 0.113924
0.486748 0.317278 0.995167 -0.0981922
0.486791 0.311814 0.952017 -0.306046
0.48568 0.306464 0.891336 -0.453344
0.483465 0.301469 0.839328 -0.543625
0.470554 0.279106 0.746344 -0.665561
0.467473 0.274843 0.595564 -0.803308
0.46359 0.271296 0.419886 -0.907577
0.459066 0.268611 0.226644 -0.973978
0.454091 0.266902 0.0240589 -0.999711
0.448873 0.266239 -0.179555 -0.983748
0.443629 0.26665 -0.375707 -0.926738
0.438577 0.268118 -0.528917 -0.848673
0.43393 0.270582 -0.616624 -0.787258
0.424542 0.277386 -0.673573 -0.739121
0.415686 0.284871 -0.668138 -0.744038
0.407413 0.292996 -0.531512 -0.847051
0.404062 0.295745 -0.302444 -0.953167
0.400128 0.297567 -0.0540894 -0.998536
0.395864 0.298347 0.197822 -0.980238
0.39154 0.298032 0.437077 -0.899424
0.387433 0.296645 0.648483 -0.761229
0.383804 0.294273 0.818497 -0.574511
0.380886 0.291068 0.906217 -0.422813
0.378863 0.287233 0.914525 -0.40453
0.371885 0.270145 0.883061 -0.469259
0.363935 0.253486 0.839262 -0.543728
0.345228 0.221679 0.797962 -0.602708
0.334532 0.206636 0.764734 -0.644346
0.322988 0.192234 0.724495 -0.68928
0.314415 0.182551 -0.0614792 -0.998108
0.290826 0.159472 -0.773952 -0.633244
