309
0.563774 0.714886 -0.998556 -0.0537286
0.563602 0.718094 -0.807567 -0.589776
0.563429 0.721302 -0.355068 -0.934841
0.548752 0.726877 -0.799612 -0.600517
0.534075 0.732451 -0.996763 -0.0803985
0.533697 0.737137 -0.912763 0.408489
0.533319 0.741822 -0.604162 0.796862
0.544775 0.750508 -0.657166 0.753746
0.55623 0.759193 -0.707107 0.707107
0.559586 0.762549 -0.982861 -0.184349
0.562942 0.765905 -0.402808 -0.915284
0.548742 0.772155 -0.827036 -0.562149
0.534541 0.778404 -0.999288 -0.0377403
0.534352 0.783414 -0.898292 0.4394
0.534163 0.788424 -0.583627 0.812022
0.546341 0.797177 -0.896509 0.443025
0.558518 0.805929 -0.99956 -0.0296617
0.558424 0.809093 -0.845817 -0.533473
0.558331 0.812257 -0.457392 -0.889265
0.544347 0.81945 -0.85857 -0.512696
0.530364 0.826642 -0.999818 0.0190915
0.530451 0.831175 -0.874878 0.484344
0.530537 0.835709 -0.546905 0.837195
0.543162 0.843955 -0.886582 0.462572
0.555786 0.852202 -0.99954 -0.030341
0.555689 0.855387 -0.853947 -0.52036
0.555592 0.858572 -0.485204 -0.874401
0.542411 0.865886 -0.865983 -0.500073
0.529231 0.8732 -0.999858 0.0168357
0.529317 0.87835 -0.871641 0.490146
0.529404 0.883501 -0.533826 0.845594
0.541779 0.891313 -0.254368 0.967107
0.554153 0.899125 0.0487109 0.998813
0.569227 0.89839 0.413944 0.910302
0.584302 0.897655 0.720718 0.693228
0.595168 0.886358 0.910277 0.413999
0.606034 0.87506 0.996154 0.0876152
0.608093 0.85165 0.996154 0.0876151
0.610152 0.82824 0.996154 0.0876151
0.612211 0.80483 0.991981 0.12639
0.61427 0.78142 0.986298 0.164972
0.618769 0.754521 0.986298 0.164972
0.623268 0.727623 0.986298 0.164972
0.627767 0.700725 0.975107 0.221737
0.632266 0.673826 0.960651 0.277759
0.639683 0.648175 0.960651 0.277759
0.6471 0.622523 0.960651 0.277759
0.654517 0.596871 0.947871 0.318655
0.661933 0.57122 0.933351 0.358965
0.667465 0.556838 0.933351 0.358965
0.672996 0.542456 0.933351 0.358966
0.678528 0.528074 0.928649 0.370961
0.684059 0.513691 0.923793 0.382893
0.689093 0.501546 0.719721 0.694263
0.694127 0.4894 0.415898 0.909411
0.700097 0.48667 0.748273 0.663391
0.706067 0.48394 0.952694 0.303932
0.710575 0.469809 0.996317 -0.08575
0.715083 0.455678 0.886751 -0.462247
0.712015 0.449793 0.976716 -0.214536
0.708947 0.443907 0.998844 0.0480761
0.709736 0.427517 0.999669 -0.0257378
0.710525 0.411127 0.995046 -0.0994114
0.708742 0.393276 0.877832 0.478968
0.706958 0.375425 0.454901 0.890542
0.710913 0.373404 0.798555 0.601922
0.714868 0.371384 0.98138 0.192074
0.716846 0.361282 0.979059 -0.203576
0.718823 0.35118 0.823472 -0.567357
0.71235 0.341785 0.988922 -0.148436
0.705877 0.33239 0.953751 0.300598
0.708501 0.324064 0.72379 0.690021
0.711125 0.315738 0.345789 0.938312
0.721811 0.3118 0.676558 0.736389
0.732497 0.307862 0.905721 0.423874
0.736788 0.298694 0.999498 0.031673
0.741078 0.289525 0.930741 -0.365679
0.737177 0.279596 0.997369 0.0724936
0.733276 0.269667 0.868079 0.496426
0.737922 0.261542 0.540861 0.841112
0.742568 0.253418 0.0914726 0.995808
0.753972 0.25237 0.463169 0.88627
0.765375 0.251323 0.765315 0.643656
0.771568 0.243959 0.955635 0.294554
0.777762 0.236595 0.994874 -0.101119
0.776565 0.224816 0.938351 0.345684
0.775367 0.213036 0.691504 0.722372
0.783705 0.205054 0.902502 0.430687
0.792044 0.197072 0.996534 0.0831838
0.792534 0.191203 0.94961 -0.313433
0.793023 0.185333 0.751218 -0.660055
0.786353 0.177742 0.398656 -0.9171
0.779683 0.170151 -0.029798 -0.999556
0.774025 0.170319 -0.428637 -0.903477
0.768367 0.170488 -0.755335 -0.655339
0.754792 0.186135 -0.755335 -0.655339
0.741217 0.201781 -0.755336 -0.655338
0.727641 0.217428 -0.826888 -0.562366
0.714066 0.233075 -0.887059 -0.461655
0.705051 0.250396 -0.887059 -0.461655
0.696036 0.267718 -0.88706 -0.461655
0.687022 0.28504 -0.785567 -0.618777
0.678007 0.302361 -0.656589 -0.754249
0.672848 0.306853 -0.103033 -0.994678
0.667688 0.311344 0.48805 -0.872816
0.654202 0.303802 0.475133 -0.879914
0.640715 0.296261 0.462112 -0.886821
0.6241 0.287603 -0.108945 -0.994048
0.607485 0.278945 -0.643222 -0.765679
0.594586 0.289781 -0.821719 -0.569892
0.581687 0.300617 -0.942537 -0.334102
0.575758 0.317343 -0.984754 0.173951
0.569829 0.334069 -0.771034 0.636794
0.58633 0.354049 -0.86082 0.508909
0.602832 0.374029 -0.929588 0.368599
0.608591 0.388555 -0.999649 0.0264841
0.614351 0.40308 -0.947802 -0.318861
0.608664 0.419986 -0.947802 -0.318861
0.602976 0.436892 -0.947802 -0.318861
0.597289 0.453798 -0.729187 -0.684315
0.591601 0.470704 -0.378334 -0.925669
0.578076 0.476231 -0.378334 -0.925669
0.564551 0.481759 -0.378334 -0.925669
0.551026 0.487287 -0.0493901 -0.99878
0.537501 0.492815 0.285162 -0.958479
0.525049 0.48911 0.285162 -0.958479
0.512596 0.485406 0.285162 -0.958479
0.500144 0.481701 0.658146 -0.75289
0.487692 0.477996 0.911753 -0.41074
0.479852 0.460594 0.911753 -0.41074
0.472012 0.443191 0.911753 -0.41074
0.464173 0.425789 0.999016 0.0443456
0.456333 0.408387 0.871773 0.489909
0.464661 0.393568 0.871773 0.489909
0.472989 0.378749 0.871773 0.489909
0.481316 0.36393 0.925909 0.377746
0.489644 0.349111 0.965683 0.259724
0.494275 0.331893 0.990414 -0.138131
0.498906 0.314674 0.857768 -0.514037
0.490608 0.300827 0.664752 -0.747064
0.48231 0.28698 0.410874 -0.911692
0.472815 0.282701 -0.00544512 -0.999985
0.463319 0.278421 -0.420778 -0.907164
0.450404 0.284412 -0.503439 -0.864031
0.437489 0.290403 -0.581723 -0.813387
0.422734 0.300955 0.0228092 -0.99974
0.40798 0.311507 0.618214 -0.78601
0.400054 0.305273 0.764696 -0.644391
0.392127 0.299038 0.879433 -0.476022
0.382239 0.280769 0.879433 -0.476022
0.37235 0.2625 0.879433 -0.476022
0.362461 0.244231 0.81697 -0.57668
0.352572 0.225962 0.743042 -0.669244
0.340005 0.212009 0.743043 -0.669244
0.327438 0.198056 0.743043 -0.669244
0.31487 0.184102 0.397158 -0.91775
0.302303 0.170149 -0.0207684 -0.999784
0.296842 0.170263 -0.0207685 -0.999784
0.291381 0.170376 -0 0
0.291381 0.170376 -0.781685 -0.623674
0.291381 0.170376 -0.798939 -0.601411
0.284656 0.178804 -0.589798 0.80755
0.27808 0.188074 0 0
0.291381 0.170376 -0.957985 -0.286818
0.27808 0.188074 -0.998034 0.0626786
0.278368 0.192669 -0.902456 0.430782
0.278657 0.197264 -0.676353 0.736578
0.287206 0.205114 -0.929595 0.368582
0.295754 0.212964 -0.997334 -0.072966
0.294932 0.224201 -0.959698 0.281035
0.29411 0.235438 -0.800435 0.599419
0.300389 0.243822 -0.482878 0.875687
0.306668 0.252207 -0.079771 0.996813
0.317702 0.25309 -0.52097 0.853575
0.328736 0.253973 -0.85007 0.526669
0.333837 0.262205 -0.997185 0.0749755
0.338937 0.270436 -0.919266 -0.393638
0.334775 0.280154 -0.999994 0.00358333
0.330614 0.289872 -0.916421 0.400217
0.334749 0.29934 -0.67002 0.742343
0.338884 0.308808 -0.304514 0.952508
0.34949 0.312198 -0.714324 0.699815
0.360096 0.315589 -0.958555 0.284907
0.362776 0.324607 -0.987857 -0.155367
0.365456 0.333624 -0.824823 -0.565391
0.359312 0.342588 -0.975347 -0.220678
0.353167 0.351552 -0.987874 0.155257
0.354751 0.361628 -0.829025 0.559212
0.356335 0.371704 -0.513977 0.857804
0.360087 0.373952 -0.895119 0.445828
0.36384 0.376201 -0.994304 -0.106581
0.361955 0.393786 -0.99993 -0.0118532
0.36007 0.411371 -0.996551 0.082982
0.361405 0.427401 -0.974811 -0.223034
0.36274 0.443431 -0.861322 -0.50806
0.359444 0.449017 -0.992776 -0.119982
0.356149 0.454604 -0.957559 0.288238
0.360526 0.469145 -0.764359 0.64479
0.364903 0.483686 -0.445456 0.895304
0.371215 0.486826 -0.755251 0.655436
0.377526 0.489967 -0.949108 0.314951
0.384669 0.511492 -0.949108 0.314951
0.39266 0.535573 -0.949108 0.314951
0.400077 0.557924 -0.949108 0.314952
0.407794 0.58118 -0.949108 0.314952
0.415361 0.603983 -0.949108 0.314952
0.422928 0.626786 -0.949108 0.314952
0.430495 0.649589 -0.972438 0.233162
0.438062 0.672393 -0.988734 0.149685
0.441067 0.69224 -0.988734 0.149685
0.444071 0.712087 -0.988734 0.149685
0.447076 0.731935 -0.988734 0.149685
0.450081 0.751782 -0.988734 0.149684
0.453086 0.77163 -0.988734 0.149685
0.45609 0.791477 -0.988734 0.149685
0.459095 0.811324 -0.993024 0.117914
0.4621 0.831172 -0.996293 0.0860226
0.464051 0.853774 -0.900062 0.435761
0.466003 0.876377 -0.685404 0.728163
0.478522 0.888161 -0.370074 0.929002
0.491042 0.899945 -0.00301977 0.999995
0.500075 0.899973 0.451492 0.892275
0.509109 0.9 0.807495 0.589874
0.512623 0.89519 0.954628 0.297803
0.516137 0.890379 0.999659 -0.02612
0.515915 0.881883 0.871515 0.490368
0.515693 0.873387 0.496576 0.867993
0.528717 0.865936 0.881809 0.471607
0.54174 0.858485 0.997626 -0.0688679
0.541328 0.852521 0.818768 -0.574124
0.540917 0.846556 0.404699 -0.91445
0.527723 0.840717 0.8086 -0.588359
0.51453 0.834878 0.994606 -0.103722
0.514125 0.831001 0.892987 0.450083
0.513721 0.827123 0.508267 0.8612
0.526246 0.819731 0.878474 0.47779
0.538772 0.812338 0.999145 -0.0413375
0.538537 0.806661 0.833823 -0.552032
0.538302 0.800983 0.428245 -0.903663
0.524652 0.794514 0.825001 -0.565131
0.511001 0.788045 0.997341 -0.0728761
0.510754 0.784663 0.907447 0.420167
0.510507 0.781282 0.589629 0.807675
0.522231 0.772723 0.91446 0.404675
0.533955 0.764164 0.994287 -0.106743
0.533366 0.758674 0.798872 -0.601501
0.532776 0.753183 0.377398 -0.926051
0.518874 0.747518 0.765802 -0.643076
0.504971 0.741852 0.977358 -0.211594
0.504299 0.738748 0.940344 0.340226
0.503627 0.735644 0.615702 0.787979
0.515003 0.726755 0.913536 0.406757
0.526378 0.717867 0.997571 -0.0696613
0.525986 0.712244 0.792111 -0.610377
0.525593 0.70662 0.321621 -0.946869
0.511012 0.701668 0.763199 -0.646164
0.496432 0.696715 0.98695 -0.161029
0.495966 0.693864 0.943743 0.33068
0.495501 0.691013 0.670604 0.741816
0.507091 0.680535 0.944558 0.328345
0.518681 0.670058 0.986142 -0.165902
0.517798 0.664808 0.738227 -0.674552
0.516915 0.659557 0.253942 -0.967219
0.502084 0.655663 0.700363 -0.713786
0.487253 0.65177 0.962225 -0.272257
0.480743 0.628762 0.962225 -0.272257
0.474233 0.605754 0.962225 -0.272257
0.467723 0.582746 0.95089 -0.309529
0.461213 0.559738 0.938112 -0.346332
0.455586 0.544496 0.938112 -0.346331
0.449959 0.529255 0.938112 -0.346331
0.444332 0.514013 0.923538 -0.383508
0.438705 0.498772 0.907491 -0.420072
0.432308 0.484952 0.999563 -0.0295569
0.425911 0.471132 0.930726 0.365716
0.42744 0.467241 0.147212 0.989105
0.428968 0.463351 -0.783884 0.620907
0.442734 0.48073 -0.597104 0.802164
0.4565 0.498109 -0.369875 0.929082
0.476313 0.505997 -0.369875 0.929082
0.496127 0.513885 -0.369875 0.929082
0.51594 0.521773 0.0318339 0.999493
0.535754 0.529661 0.428248 0.903661
0.557752 0.519235 0.428248 0.903661
0.579751 0.50881 0.428248 0.903661
0.60175 0.498385 0.65724 0.753681
0.623748 0.48796 0.836985 0.547225
0.630807 0.477163 0.706788 0.707425
0.637866 0.466366 0.54647 0.837479
0.640177 0.464859 -0.118121 0.992999
0.642487 0.463351 -0.727683 0.685914
0.644194 0.465162 -0.982936 0.18395
0.6459 0.466972 -0.926478 -0.376349
0.639214 0.483433 -0.93499 -0.354675
0.632527 0.499894 -0.942995 -0.332808
0.623297 0.526047 -0.942995 -0.332808
0.614067 0.5522 -0.942995 -0.332808
0.604837 0.578353 -0.958529 -0.284996
0.595607 0.604506 -0.97164 -0.236464
0.591304 0.622185 -0.97164 -0.236464
0.587002 0.639865 -0.97164 -0.236464
0.582699 0.657545 -0.740263 -0.672318
0.578396 0.675224 -0.32863 -0.944459
0.563429 0.680432 -0.800686 -0.599085
0.548463 0.68564 -0.998811 -0.0487531
0.54823 0.690414 -0.920538 0.390653
0.547997 0.695187 -0.65889 0.75224
0.559242 0.705037 -0.935998 -0.352004
0.570487 0.714886 -0.687819 -0.725882
