128
0.563775 0.714886 -0.807565 -0.589778
0.563429 0.721303 -0.799613 -0.600515
0.534075 0.732452 -0.912762 0.408492
0.533319 0.741823 -0.657168 0.753744
0.556231 0.759194 -0.982861 -0.184347
0.562943 0.765906 -0.827036 -0.562148
0.534541 0.778405 -0.898292 0.4394
0.534163 0.788425 -0.89651 0.443023
0.558519 0.80593 -0.845815 -0.533476
0.558331 0.812258 -0.858571 -0.512695
0.530365 0.826642 -0.874877 0.484344
0.530538 0.835709 -0.886581 0.462573
0.555786 0.852203 -0.853948 -0.520358
0.555593 0.858573 -0.865983 -0.500074
0.529231 0.873201 -0.871642 0.490144
0.529404 0.883501 -0.25437 0.967107
0.554154 0.899125 0.413944 0.910303
0.584302 0.897655 0.910277 0.413999
0.606034 0.875061 0.991981 0.126389
0.61427 0.78142 0.975107 0.221736
0.632267 0.673827 0.947871 0.318654
0.661934 0.57122 0.928649 0.37096
0.684059 0.513692 0.719721 0.694263
0.694127 0.489401 0.748273 0.66339
0.706068 0.48394 0.996317 -0.0857502
0.715084 0.455679 0.976716 -0.214535
0.708948 0.443907 0.999669 -0.0257378
0.710525 0.411127 0.877832 0.478968
0.706958 0.375425 0.798556 0.601921
0.714869 0.371384 0.979059 -0.203575
0.718823 0.35118 0.988922 -0.148435
0.705877 0.33239 0.72379 0.690021
0.711125 0.315738 0.676558 0.736389
0.732497 0.307862 0.999498 0.031674
0.741078 0.289525 0.997369 0.0724936
0.733276 0.269667 0.540862 0.841111
0.742568 0.253418 0.463166 0.886271
0.765375 0.251323 0.955635 0.294552
0.777762 0.236595 0.938352 0.345682
0.775367 0.213036 0.948745 0.316042
0.792044 0.197072 0.737213 -0.675661
0.788497 0.175653 -0.297895 -0.954599
0.768367 0.170488 -0.826888 -0.562367
0.714066 0.233075 -0.785567 -0.618777
0.678007 0.302362 -0.103033 -0.994678
0.667689 0.311344 0.475133 -0.879914
0.640715 0.296261 -0.108945 -0.994048
0.607485 0.278945 -0.821719 -0.569892
0.581687 0.300617 -0.984754 0.173951
0.569829 0.334069 -0.86082 0.508909
0.602832 0.374029 -0.999649 0.0264838
0.614351 0.403081 -0.729187 -0.684315
0.591601 0.470704 -0.049391 -0.998779
0.537501 0.492815 0.658145 -0.752891
0.487692 0.477996 0.999016 0.0443455
0.456333 0.408387 0.925909 0.377746
0.489644 0.349111 0.990414 -0.138131
0.498906 0.314674 0.664752 -0.747064
0.48231 0.28698 -0.00544484 -0.999985
0.463319 0.278422 -0.503439 -0.864031
0.437489 0.290403 0.0228094 -0.99974
0.40798 0.311507 0.764696 -0.644391
0.392127 0.299039 0.829345 -0.558736
0.352572 0.225962 0.418994 -0.907989
0.309199 0.173368 -0.566404 -0.824127
0.283836 0.173787 -0.993138 0.116947
0.278079 0.188074 -0.963175 0.268874
0.295754 0.212964 -0.959698 0.281035
0.29411 0.235438 -0.482878 0.875687
0.306667 0.252207 -0.52097 0.853575
0.328736 0.253973 -0.997185 0.0749753
0.338937 0.270437 -0.999994 0.0035832
0.330614 0.289872 -0.67002 0.742343
0.338883 0.308808 -0.714324 0.699815
0.360096 0.31559 -0.987857 -0.155366
0.365456 0.333624 -0.975347 -0.220678
0.353167 0.351552 -0.829025 0.559211
0.356335 0.371704 -0.895119 0.445827
0.36384 0.376201 -0.99993 -0.0118529
0.36007 0.411372 -0.97481 -0.223035
0.362739 0.443431 -0.992776 -0.119983
0.356149 0.454604 -0.764359 0.64479
0.364903 0.483687 -0.755251 0.655435
0.377526 0.489967 -0.949108 0.314952
0.407794 0.58118 -0.972438 0.233161
0.438062 0.672393 -0.988734 0.149685
0.450081 0.751783 -0.993024 0.117914
0.462099 0.831172 -0.900062 0.435762
0.466003 0.876377 -0.370058 0.929009
0.491042 0.899946 0.451509 0.892267
0.509109 0.9 0.954628 0.297801
0.516137 0.890379 0.871516 0.490367
0.515693 0.873387 0.88181 0.471605
0.54174 0.858485 0.818767 -0.574126
0.540917 0.846556 0.8086 -0.588359
0.51453 0.834878 0.892986 0.450084
0.513721 0.827123 0.878474 0.47779
0.538772 0.812338 0.833823 -0.552031
0.538302 0.800983 0.825001 -0.565132
0.511001 0.788045 0.907447 0.420166
0.510507 0.781282 0.914459 0.404678
0.533955 0.764164 0.798873 -0.6015
0.532776 0.753183 0.765803 -0.643076
0.504971 0.741852 0.940344 0.340226
0.503627 0.735644 0.913536 0.406757
0.526378 0.717867 0.792111 -0.610377
0.525593 0.70662 0.763201 -0.646161
0.496432 0.696715 0.943744 0.330677
0.495501 0.691013 0.944558 0.328344
0.518681 0.670058 0.738227 -0.674552
0.516915 0.659557 0.700363 -0.713787
0.487253 0.651769 0.95089 -0.309529
0.461213 0.559737 0.923538 -0.383507
0.438705 0.498771 0.999563 -0.029559
0.425911 0.471132 0.147214 0.989105
0.428968 0.463351 -0.597103 0.802164
0.4565 0.498109 0.0318339 0.999493
0.535754 0.52966 0.657241 0.753681
0.623748 0.48796 0.706788 0.707426
0.637866 0.466366 -0.118123 0.992999
0.642487 0.463351 -0.982936 0.183947
0.645901 0.466972 -0.93499 -0.354674
0.632527 0.499894 -0.958529 -0.284996
0.595607 0.604505 -0.740263 -0.672317
0.578396 0.675224 -0.800685 -0.599085
0.548463 0.68564 -0.920538 0.390654
0.547997 0.695187 -0.936013 -0.351966
0.570487 0.714886 -0.687847 -0.725856
