111
0.24736 0.103668 -0.103664 -0.994612
0.226302 0.10393 -0.25778 -0.966204
0.205753 0.107995 -0.401021 -0.916069
0.186643 0.114458 -0.544292 -0.838896
0.168233 0.124494 -0.698576 -0.715536
0.148988 0.139184 -0.806906 -0.59068
0.137271 0.153794 -0.882176 -0.470921
0.124637 0.172752 -0.937654 -0.347571
0.116001 0.193594 -0.966598 -0.256296
0.110109 0.211545 -0.987874 -0.155259
0.10611 0.231148 -0.99661 -0.0822733
0.10424 0.247993 -0.999694 -0.0247444
0.103123 0.268594 -0.999211 0.039712
0.103212 0.287534 -0.991825 0.127603
0.104404 0.303456 -0.978126 0.208012
0.107903 0.322556 -0.958192 0.286124
0.111826 0.338735 -0.907269 0.420551
0.11816 0.356503 -0.853556 0.521001
0.127129 0.371964 -0.771945 0.63569
0.136569 0.386679 -0.647855 0.761764
0.149864 0.399401 -0.549516 0.835483
0.163612 0.409769 -0.418036 0.908431
0.179852 0.419012 -0.251788 0.967782
0.203344 0.427458 -0.0852661 0.996358
0.226244 0.431246 0.0503539 0.998731
0.255636 0.431446 0.156369 0.987699
0.279839 0.428832 0.32264 0.946522
0.309504 0.42262 0.537179 0.843469
0.331047 0.412198 0.72314 0.690701
0.351059 0.395895 0.878166 0.478357
0.367112 0.374231 0.945151 0.326635
0.374574 0.354398 0.962788 0.270259
0.378286 0.342634 0.613091 0.790012
0.380072 0.335388 -0.00704206 0.999975
0.383606 0.335421 -0.0149994 0.999888
0.399563 0.335499 -0.0125375 0.999921
0.421744 0.336056 -0 1
0.438862 0.336056 -0 1
0.457173 0.336056 -0 1
0.471648 0.336056 -0 1
0.488159 0.336056 0.440361 0.897821
0.497752 0.336056 0.775021 0.631935
0.507251 0.323786 0.773388 0.633933
0.51999 0.308945 0.783297 0.621648
0.530503 0.295509 0.464287 0.885685
0.536901 0.28756 0.0407822 0.999168
0.542166 0.287177 -0.0118047 0.99993
0.554514 0.287066 -0.361524 0.932363
0.563028 0.287344 -0.695299 0.71872
0.568508 0.292028 -0.731798 0.681522
0.577795 0.302193 -0.412173 0.911106
0.58095 0.305516 -0.00545454 0.999985
0.588154 0.305792 0.00617712 0.999981
0.606218 0.305298 0.45469 0.89065
0.622877 0.305547 0.852645 0.522491
0.626694 0.300106 0.797758 0.602978
0.628685 0.296353 0.389672 0.920954
0.631001 0.294134 0.0182253 0.999834
0.651228 0.293397 -0.46741 0.884041
0.670448 0.293397 -0.848046 0.529923
0.67606 0.301633 -0.883883 0.467709
0.686181 0.319353 -0.516772 0.856123
0.689398 0.325938 0.00807948 0.999967
0.701765 0.325565 0.0418087 0.999126
0.718451 0.325799 0.4115 0.91141
0.725415 0.325117 0.685214 0.728342
0.733583 0.3175 0.655208 0.755449
0.743753 0.307848 0.327393 0.944888
0.748431 0.304144 0.0112553 0.999937
0.757605 0.304168 0.0125346 0.999921
0.771901 0.303809 -0.401148 0.916013
0.77668 0.303809 -0.720669 0.693279
0.780509 0.307959 -0.706469 0.707744
0.789915 0.317338 -0.704505 0.709699
0.798504 0.32592 -0.368262 0.929722
0.80271 0.330068 0.0158206 0.999875
0.819799 0.329655 0.399599 0.91669
0.83619 0.329532 0.72904 0.684471
0.843786 0.321479 0.709119 0.705089
0.859208 0.304979 0.69916 0.714965
0.875286 0.289778 0.709134 0.705074
0.88948 0.275421 0.922243 0.38661
0.899907 0.264994 0.999543 -0.0302168
0.9 0.254095 0.789878 -0.613265
0.899399 0.245402 0.283472 -0.958981
0.892452 0.243104 0.57368 -0.819079
0.884933 0.241141 0.749024 -0.662543
0.881188 0.235716 0.742372 -0.669988
0.871523 0.227126 0.704603 -0.709601
0.863159 0.215513 0.683346 -0.730095
0.851117 0.206969 0.411207 -0.911542
0.846803 0.201669 -0.0208904 -0.999782
0.826397 0.202486 0.00804341 -0.999968
0.801392 0.20253 0.00229701 -0.999997
0.766563 0.201908 -0.00734417 -0.999973
0.729798 0.202396 0.00103406 -0.999999
0.663138 0.20249 0.00289062 -0.999996
0.605525 0.20229 -0.00228553 -0.999997
0.557852 0.20218 0.00064638 -1
0.506232 0.202535 0.00852637 -0.999964
0.449989 0.202075 0.00366807 -0.999993
0.399617 0.201628 0.611448 -0.791285
0.37897 0.20166 0.941082 -0.338178
0.37589 0.189767 0.900238 -0.435398
0.367368 0.171499 0.833887 -0.551936
0.35982 0.156435 0.702483 -0.711701
0.345464 0.139559 0.551023 -0.83449
0.326207 0.123605 0.36432 -0.931274
0.307369 0.11391 0.203699 -0.979033
0.280379 0.106426 0.0642923 -0.997931
0.259796 0.10353 -0.0117568 -0.999931
