34
0.186653 0.11446 -0.737527 -0.675318
0.148994 0.139189 -0.967295 -0.253652
0.11011 0.211558 -0.984619 0.174717
0.107904 0.322582 -0.842248 0.53909
0.127132 0.371996 -0.494507 0.869173
0.16362 0.409805 -0.0344595 0.999406
0.255654 0.431485 0.417348 0.908747
0.309528 0.422658 0.826971 0.562244
0.367143 0.374263 0.582292 0.81298
0.380105 0.335416 0.42864 0.903475
0.497799 0.336083 0.434931 0.900464
0.536952 0.287582 -0.382052 0.924141
0.563081 0.287366 -0.386218 0.922408
0.581006 0.30554 0.457982 0.888961
0.622938 0.305571 0.466602 0.884467
0.631063 0.294157 -0.49026 0.871576
0.670514 0.293419 -0.488467 0.872582
0.689467 0.325965 0.371752 0.928332
0.725488 0.325143 0.366663 0.930354
0.748507 0.304168 -0.379228 0.925303
0.776759 0.303833 -0.377313 0.926086
0.802791 0.330095 0.39301 0.919534
0.836276 0.329559 0.929941 0.36771
0.9 0.265013 0.792974 -0.609255
0.899493 0.245419 0.518049 -0.855351
0.885025 0.241158 0.381909 -0.9242
0.84689 0.201681 -0.00933604 -0.999956
0.801474 0.202542 3.51167e-06 -1
0.663204 0.202502 0.00329513 -0.999995
0.506279 0.202547 0.56894 -0.822379
0.379003 0.201671 0.832849 -0.5535
0.367399 0.171508 0.470509 -0.882395
0.307393 0.113912 0.0332613 -0.999447
0.259815 0.103531 -0.356636 -0.934243
