184
0.498095 0.107968 -0.131843 -0.991271
0.447547 0.111496 -0.256859 -0.966449
0.400044 0.120867 -0.368622 -0.929579
0.357717 0.135118 -0.466589 -0.884474
0.316618 0.153981 -0.577479 -0.816405
0.286617 0.171988 -0.654047 -0.756454
0.255568 0.19765 -0.69585 -0.718187
0.228472 0.222151 -0.757412 -0.652937
0.204534 0.247 -0.818533 -0.574459
0.182115 0.276115 -0.866295 -0.499532
0.160108 0.310623 -0.912485 -0.409109
0.142335 0.344896 -0.950384 -0.311078
0.128156 0.382051 -0.976357 -0.216162
0.117838 0.419611 -0.992439 -0.122742
0.111795 0.455314 -0.999651 -0.026422
0.108681 0.494932 -0.997024 0.0770908
0.109663 0.533277 -0.984886 0.173202
0.114771 0.572741 -0.964744 0.26319
0.122505 0.607419 -0.939136 0.343545
0.13358 0.641612 -0.903379 0.428844
0.147696 0.676135 -0.858316 0.513122
0.164717 0.70742 -0.809728 0.586805
0.183249 0.735745 -0.765598 0.643319
0.202618 0.759951 -0.717039 0.697033
0.221376 0.781218 -0.66199 0.749513
0.24353 0.801901 -0.592576 0.805515
0.270126 0.824115 -0.511838 0.859082
0.298543 0.842436 -0.451784 0.892127
0.325406 0.857181 -0.383723 0.923448
0.356248 0.871533 -0.288011 0.957627
0.387647 0.883069 -0.189262 0.981927
0.424219 0.891717 -0.104875 0.994485
0.465003 0.897824 -0.0103969 0.999946
0.500342 0.9 0.100914 0.994895
0.548848 0.898024 0.216574 0.976266
0.588543 0.891559 0.327032 0.945013
0.636589 0.877995 0.421726 0.906723
0.668396 0.864877 0.507718 0.861524
0.706405 0.845112 0.585302 0.810816
0.734621 0.826401 0.652105 0.758128
0.763519 0.803743 0.725731 0.687978
0.792666 0.776274 0.786484 0.617611
0.81691 0.747628 0.834764 0.550607
0.835343 0.722296 0.877049 0.480402
0.851656 0.694905 0.914823 0.403855
0.866129 0.666062 0.945773 0.324827
0.879309 0.631712 0.97086 0.239648
0.889239 0.599065 0.991533 0.129852
0.896648 0.560277 0.999626 0.0273501
0.899847 0.51574 0.997719 -0.0675096
0.899164 0.475565 0.986627 -0.162994
0.894493 0.4362 0.964117 -0.265476
0.887031 0.401078 0.933921 -0.35748
0.875277 0.366543 0.896201 -0.443649
0.859453 0.329436 0.844606 -0.535389
0.838625 0.29274 0.776594 -0.630001
0.812175 0.255191 0.702385 -0.711797
0.780514 0.221166 0.630626 -0.776086
0.756548 0.199454 0.546882 -0.837209
0.721861 0.174237 0.458567 -0.88866
0.684489 0.152407 0.353476 -0.935444
0.645285 0.134706 0.238978 -0.971025
0.59892 0.120441 0.148411 -0.988926
0.561006 0.113379 0.0839017 -0.996474
0.527724 0.109577 -0.00771928 -0.99997
0.474725 0.149814 -0.0605654 0.998164
0.534529 0.150219 -0.175249 0.984524
0.567268 0.153982 -0.2829 0.95915
0.603292 0.162717 -0.367655 0.929962
0.634906 0.173749 -0.466927 0.884296
0.66808 0.188453 -0.562444 0.826836
0.697114 0.20643 -0.630347 0.776314
0.724658 0.22695 -0.700292 0.713857
0.748924 0.248393 -0.75791 0.65236
0.770002 0.271343 -0.796937 0.604063
0.788788 0.294646 -0.84218 0.539196
0.803445 0.315234 -0.887072 0.461631
0.818484 0.341484 -0.924933 0.380129
0.831961 0.370155 -0.956305 0.29237
0.842879 0.400975 -0.983327 0.181848
0.851602 0.434723 -0.998274 0.0587293
0.856342 0.476559 -0.99916 -0.0409799
0.856557 0.522158 -0.988737 -0.149662
0.853436 0.55806 -0.965704 -0.259647
0.84537 0.595223 -0.931512 -0.36371
0.833532 0.631979 -0.887557 -0.460699
0.817636 0.666375 -0.831268 -0.555872
0.799852 0.697102 -0.768859 -0.639419
0.780516 0.722318 -0.716853 -0.697224
0.758356 0.746917 -0.654423 -0.756129
0.729867 0.774051 -0.575906 -0.817516
0.704765 0.793766 -0.486281 -0.873802
0.67185 0.814478 -0.390841 -0.920458
0.640684 0.829688 -0.290907 -0.956751
0.608487 0.841407 -0.176891 -0.98423
0.569784 0.85093 -0.0608678 -0.998146
0.53365 0.855082 0.0255637 -0.999673
0.492345 0.855388 0.111883 -0.993721
0.456405 0.853281 0.219583 -0.975594
0.4177 0.846809 0.33673 -0.941601
0.379291 0.835885 0.454333 -0.890832
0.344563 0.820801 0.54165 -0.840604
0.313822 0.802646 0.608442 -0.793598
0.287119 0.783929 0.687057 -0.726603
0.262689 0.763483 0.749864 -0.661592
0.239713 0.738958 0.799366 -0.600844
0.221762 0.717344 0.84308 -0.537787
0.206792 0.695275 0.883036 -0.469305
0.187358 0.662825 0.930674 -0.36585
0.173756 0.633736 0.966671 -0.256022
0.162522 0.598868 0.985104 -0.171957
0.156275 0.568991 0.99621 -0.0869825
0.153018 0.5458 0.999992 0.00397983
0.151573 0.504136 0.994429 0.105413
0.153442 0.460324 0.97009 0.242745
0.161601 0.412384 0.925579 0.378554
0.175744 0.369964 0.863025 0.505161
0.19702 0.326439 0.795668 0.605733
0.220214 0.29286 0.731789 0.681532
0.244934 0.263326 0.653099 0.757273
0.276457 0.232882 0.570497 0.8213
0.302329 0.212995 0.490263 0.871574
0.33316 0.193713 0.394674 0.918821
0.365218 0.177593 0.290514 0.956871
0.398175 0.165731 0.213661 0.976908
0.426217 0.158749 0.181077 0.983469
0.450838 0.1541 0.0852779 0.996357
0.43021 0.290862 -1 0.00074826
0.430382 0.325259 -1 -7.60885e-05
0.430254 0.362029 -1 -0.000368483
0.430378 0.39953 -0.708644 -0.705566
0.430246 0.431986 -0.000191878 -1
0.387235 0.432349 0.0133533 -0.999911
0.348606 0.432038 0.0107947 -0.999942
0.308728 0.431294 -0.710159 -0.704042
0.291511 0.431243 -0.999925 0.0122158
0.291727 0.449934 -0.999995 0.00320911
0.292207 0.48724 -0.999993 -0.00364123
0.291959 0.525696 -0.999999 0.00131166
0.291928 0.562612 -0.703982 0.710218
0.291984 0.578595 0.0130279 0.999915
0.31468 0.578474 0.00282465 0.999996
0.352006 0.577701 -0.00798682 0.999968
0.389862 0.578271 -0.706299 0.707913
0.429913 0.578308 -1 0.000648646
0.430031 0.615292 -1 0.000624576
0.429958 0.653891 -0.999945 0.010474
0.430075 0.691088 -0.696106 0.717939
0.430541 0.717281 0.00738265 0.999973
0.443179 0.717116 -0.0121225 0.999927
0.478893 0.717056 -0.00534582 0.999986
0.518601 0.718086 0.00697051 0.999976
0.555709 0.71752 0.699605 0.71453
0.577762 0.717549 0.999999 0.00144782
0.578075 0.701792 0.999833 -0.0182616
0.577716 0.680606 0.99999 0.00438579
0.577392 0.664078 0.999991 -0.00416114
0.578004 0.642517 0.999584 -0.0288565
0.577406 0.626244 0.999997 0.00230727
0.576969 0.605451 0.69045 0.72338
0.577654 0.578733 -9.3214e-05 1
0.607107 0.579349 0.010417 0.999946
0.644573 0.578572 -0.00465165 0.999989
0.682053 0.578569 0.702986 0.711204
0.718194 0.578908 0.999982 -0.00592684
0.718283 0.538989 0.999936 -0.0113335
0.717744 0.500698 0.999927 0.0121242
0.717414 0.462237 0.747083 -0.664731
0.718422 0.431535 0.0372693 -0.999305
0.709751 0.430808 -0.0144434 -0.999896
0.672785 0.431146 -0.01074 -0.999942
0.637119 0.43185 -0.00302871 -0.999995
0.59635 0.431921 0.687579 -0.72611
0.577245 0.432003 0.999843 -0.0177388
0.576307 0.413337 0.999958 0.00920042
0.576864 0.375489 0.999873 0.0159148
0.577 0.338727 0.999705 0.0242887
0.577594 0.317619 0.999937 -0.0112409
0.577957 0.299853 0.698576 -0.715536
0.577582 0.291128 0.00503752 -0.999987
0.549723 0.2906 0.000983336 -1
0.510137 0.290952 0.00752872 -0.999972
0.473826 0.290558 -0.00793637 -0.999969
0.450276 0.290459 -0.715914 -0.698188
