88
0.503602 0.29037 -0.707124 -0.70709
0.43021 0.290862 -1 0.000267629
0.429739 0.361547 -0.709157 -0.705051
0.430246 0.431986 0.00546709 -0.999985
0.358991 0.431887 -0.709391 -0.704815
0.291511 0.431243 -0.999995 0.00311877
0.292699 0.505425 -0.709255 0.704952
0.291984 0.578595 0.00202306 0.999998
0.36348 0.578331 -0.710089 0.704112
0.429913 0.578308 -0.999989 0.0046717
0.429294 0.648571 -0.705853 0.708358
0.430541 0.717282 -0.00199121 0.999998
0.503132 0.718342 0.70972 0.704484
0.577762 0.717549 0.999999 -0.00112903
0.578004 0.642517 0.711244 0.702945
0.577654 0.578733 -0.00185436 0.999998
0.653177 0.57826 0.708265 0.705947
0.718194 0.578908 0.999997 0.00256287
0.717155 0.500484 0.713601 -0.700552
0.718422 0.431535 -0.00357987 -0.999994
0.642708 0.431529 0.703595 -0.710601
0.577245 0.432003 0.999996 0.00297046
0.577038 0.354386 0.713743 -0.700407
0.577582 0.291128 0.00177266 -0.999998
0.474725 0.149814 -0.137838 0.990455
0.551696 0.152668 -0.342438 0.93954
0.624298 0.170396 -0.548667 0.836041
0.697114 0.20643 -0.714278 0.699863
0.751915 0.252776 -0.837107 0.547039
0.799011 0.310823 -0.93288 0.360187
0.833666 0.378039 -0.988792 0.149299
0.853335 0.451711 -0.997574 -0.0696175
0.856276 0.527447 -0.960394 -0.278646
0.842745 0.602591 -0.874772 -0.484535
0.814528 0.671904 -0.75752 -0.652812
0.770842 0.732447 -0.61647 -0.787378
0.716406 0.785579 -0.416955 -0.908927
0.652098 0.825471 -0.198808 -0.980038
0.580464 0.848019 -0.00274133 -0.999996
0.504938 0.855241 0.177748 -0.984076
0.430075 0.848497 0.389253 -0.921131
0.358269 0.828813 0.573316 -0.819334
0.313822 0.802646 0.709792 -0.704411
0.253412 0.752888 0.834003 -0.55176
0.206851 0.695474 0.937056 -0.349178
0.170713 0.627322 0.992396 -0.12309
0.153369 0.551833 0.997474 0.0710359
0.151782 0.476149 0.960439 0.278491
0.164141 0.401077 0.871466 0.490455
0.193244 0.332487 0.752134 0.659011
0.237669 0.270775 0.597759 0.801676
0.292689 0.218926 0.414924 0.909856
0.358606 0.180687 0.241448 0.970414
0.416228 0.160947 0.951148 0.308736
0.476306 0.151395 0.916628 0.399741
0.406324 0.121308 -0.428107 -0.903728
0.334529 0.1476 -0.587333 -0.809346
0.273543 0.183641 -0.730892 -0.682493
0.213189 0.236765 -0.853469 -0.521143
0.167824 0.296032 -0.935882 -0.352313
0.134887 0.36544 -0.983819 -0.179167
0.114625 0.436706 -0.999814 0.0192962
0.108217 0.513476 -0.977203 0.212309
0.11724 0.587145 -0.91639 0.400287
0.140546 0.660916 -0.828438 0.560081
0.178131 0.726918 -0.706405 0.707808
0.224295 0.78503 -0.553751 0.832682
0.283891 0.83218 -0.391986 0.919971
0.349952 0.868647 -0.203355 0.979105
0.424219 0.891717 -0.00639853 0.999979
0.500342 0.9 0.175788 0.984428
0.572094 0.89312 0.346751 0.937957
0.645386 0.873794 0.529237 0.848474
0.71481 0.840225 0.685187 0.728367
0.77429 0.793583 0.804654 0.593745
0.824501 0.737032 0.905349 0.424668
0.864302 0.671428 0.974622 0.223859
0.88924 0.599065 0.998192 0.0601072
0.89807 0.525631 0.99814 -0.0609574
0.898094 0.486638 0.975901 -0.218213
0.888966 0.412561 0.920821 -0.389985
0.865345 0.340647 0.805686 -0.592343
0.828036 0.269656 0.66545 -0.746442
0.775698 0.217177 0.533754 -0.84564
0.714367 0.168642 0.35654 -0.93428
0.645285 0.134706 0.162435 -0.986719
0.57428 0.114863 -0.0467404 -0.998907
0.482917 0.109942 -0.24661 -0.969115
