1000
0.560950828169 0.360271017154 0.0 -1.0
0.788580364018 0.39681675122 0.350211590681 -0.936670615399
0.463284209187 0.37714360216 0.0 -1.0
0.821992823102 0.397828463832 0.57599393438 -0.817453966629
0.797853163835 0.614758097564 0.384863454659 0.922973521434
0.777501582523 0.621894732446 0.220079417993 0.975481957688
0.215571378364 0.375005798167 -0.265546100044 -0.964098163441
0.365583648985 0.363627007921 0.0 -1.0
0.492859941095 0.381212078537 0.0 -1.0
0.748815350755 0.421160923799 0.0 -1.0
0.837303808539 0.58432380949 0.719276388209 0.694724029644
0.789360645359 0.595391739823 0.381415743384 0.924403608116
0.871732079047 0.496706792405 0.999634295239 -0.0270421112676
0.477507707414 0.382587808863 0.0 -1.0
0.241237940303 0.375094854963 -0.069975542744 -0.997548707291
0.495024167249 0.624353116904 0.0 1.0
0.24587115578 0.368399346452 -0.0313577088322 -0.999508226128
0.211070403557 0.619271397361 -0.310278152804 0.950645816218
0.190641907018 0.607977712116 -0.481727473364 0.876321083511
0.816430473106 0.358522958313 0.425022550071 -0.905182761618
0.453757181284 0.386813349047 0.0 -1.0
0.848326490384 0.62922405897 0.605534858359 0.79581878296
0.354471259558 0.629610440641 0.0 1.0
0.79773831177 0.657473497837 0.290109457706 0.956993470484
0.605995852115 0.631947478851 0.0 1.0
0.756909610886 0.646117506265 0.0472341631734 0.998883844013
0.440895567958 0.616008648292 0.0 1.0
0.801084834393 0.614217538181 0.40827566992 0.912858684217
0.188710611714 0.608208091521 -0.492832704678 0.870124086094
0.484021662108 0.358818692677 0.0 -1.0
0.534859871455 0.375004351558 0.0 -1.0
0.750687204434 0.624536180139 0.0057142531861 0.999983673522
0.342458163665 0.60013250049 0.0 1.0
0.791246157693 0.422995714874 0.472153495752 -0.881516350642
0.7282302613 0.364275654686 0.0 -1.0
0.342971433248 0.619835847309 0.0 1.0
0.619574009739 0.625255147154 0.0 1.0
0.736057981409 0.37643121927 0.0 -1.0
0.233943885711 0.646296331896 -0.1090931267 0.994031533558
0.370421225164 0.380645979636 0.0 -1.0
0.473268806923 0.62491645282 0.0 1.0
0.133870960413 0.464983160403 -0.957423404684 -0.288687416012
0.612029846056 0.623643569889 0.0 1.0
0.201132306394 0.605274351108 -0.421034368136 0.907044685144
0.32190699 0.3749412211 0.0 -1.0
0.713809302826 0.344536391941 0.0 -1.0
0.16887114517 0.586683107637 -0.683327869164 0.730111651204
0.809745392484 0.629855659953 0.417968185685 0.908461664439
0.426932908551 0.410828709839 0.0 -1.0
0.442821416601 0.394854950049 0.0 -1.0
0.196491440149 0.611855325621 -0.431530599847 0.902098299187
0.751347132583 0.422776777298 0.0174405421697 -0.999847902178
0.222455456376 0.375814990613 -0.216534166032 -0.976275040622
0.754961300508 0.62244688699 0.0404834202921 0.999180210313
0.25741018091 0.62016780176 0.0 1.0
0.128151868195 0.564136893308 -0.884902237811 0.465776802254
0.738633540055 0.353646907064 0.0 -1.0
0.802489535631 0.601352630601 0.459869374237 0.887986575709
0.188475756077 0.420686736648 -0.612918320909 -0.790146272467
0.246204696578 0.369407359439 -0.0290490398542 -0.999577987595
0.652513470397 0.625281622405 0.0 1.0
0.859753637562 0.542958917732 0.931211949445 0.364478127204
0.598265419104 0.366675224041 0.0 -1.0
0.300921490516 0.332217516194 0.0 -1.0
0.519914813325 0.653737057735 0.0 1.0
0.227009691663 0.377373167506 -0.184265994792 -0.982876412965
0.305744510526 0.36644872585 0.0 -1.0
0.217466385971 0.395691211287 -0.297741294936 -0.954646594971
0.126845104078 0.47858484386 -0.985216793687 -0.171312198737
0.319201400285 0.624998788627 0.0 1.0
0.827301185568 0.598855335508 0.61598969671 0.787754208842
0.22325492795 0.623035607073 -0.212410180882 0.977180594904
0.903556385046 0.497013525639 0.999810935386 -0.0194446260346
0.816189922326 0.385592436556 0.50077003782 -0.865580365548
0.406823530813 0.637918677643 0.0 1.0
0.132131384738 0.546153303967 -0.931163016067 0.364603123285
0.478328428982 0.644532331454 0.0 1.0
0.250009745106 0.666670907043 -0.00147085513807 0.999998918292
0.100858057351 0.461777248249 -0.968694297861 -0.248256635948
0.817461703795 0.58674691021 0.613890699104 0.789391037163
0.745046272286 0.383571207726 0.0 -1.0
0.653339637868 0.617462782048 0.0 1.0
0.229527658366 0.606711971161 -0.188403654756 0.982091677429
0.159256903009 0.587425491249 -0.720149102478 0.693819335418
0.287889917564 0.627774053461 0.0 1.0
0.833969543497 0.565886960226 0.786726888667 0.617301225213
0.187432879421 0.34817771393 -0.381016585489 -0.924568202775
0.180267379749 0.608890080431 -0.539284636247 0.842123554538
0.203342910508 0.382961026256 -0.370298657463 -0.928912753859
0.161853186296 0.375561928625 -0.578028480416 -0.816016590412
0.575636431091 0.374736136754 0.0 -1.0
0.363324987264 0.368493523664 0.0 -1.0
0.231434284297 0.61850236711 -0.154776510385 0.987949508747
0.6404957887 0.370586868066 0.0 -1.0
0.24414215223 0.636266762176 -0.0429472760857 0.999077340088
0.426836832623 0.615862465225 0.0 1.0
0.544894687771 0.597281348553 0.0 1.0
0.188702179164 0.408936065596 -0.558400385772 -0.829571581703
0.62863672724 0.598584475594 0.0 1.0
0.527670955626 0.396385328717 0.0 -1.0
0.234226771473 0.623122049609 -0.127068055754 0.991894000994
0.679214332261 0.373437732858 0.0 -1.0
0.321203168116 0.347361910569 0.0 -1.0
0.328227425643 0.375712624143 0.0 -1.0
0.829324181939 0.393987021406 0.599099637903 -0.800674480588
0.800609787222 0.439519681515 0.6417456728 -0.766917525841
0.797454025874 0.609625761768 0.397243673229 0.91771317092
0.211659901148 0.40316374431 -0.368113137484 -0.929781005405
0.182421438845 0.391630604662 -0.529135932523 -0.848537073387
0.45812236989 0.375608422248 0.0 -1.0
0.732762352162 0.624225312648 0.0 1.0
0.647655641691 0.360551651486 0.0 -1.0
0.387993103591 0.631236726799 0.0 1.0
0.134305144518 0.485909092835 -0.992665170647 -0.120896066867
0.761562931799 0.644282412781 0.0798829724087 0.996804248947
0.874524900164 0.506916111749 0.998461311922 0.0554527600324
0.639374611299 0.64296605328 0.0 1.0
0.459298344251 0.625380951988 0.0 1.0
0.843970473192 0.51859055278 0.980989031167 0.194063187468
0.18973418203 0.400908211458 -0.519620055618 -0.85439744721
0.451153831595 0.625170385298 0.0 1.0
0.819981806088 0.59445258153 0.595316496579 0.803491299829
0.230743546287 0.375494700981 -0.152841939685 -0.98825064709
0.655173632471 0.604861741492 0.0 1.0
0.215275851153 0.620080271206 -0.277785915588 0.960643006065
0.402029412254 0.409889743188 0.0 -1.0
0.760414864616 0.377043757297 0.0843988785367 -0.996432049516
0.358879939539 0.374851858679 0.0 -1.0
0.673526563037 0.657221344075 0.0 1.0
0.569277620767 0.624461172088 0.0 1.0
0.802683495629 0.415627894384 0.529635693885 -0.848225224668
0.227690229762 0.612588018595 -0.194368151597 0.980928652678
0.82331980903 0.396651300322 0.578614823406 -0.815600935589
0.560954297337 0.377966045823 0.0 -1.0
0.179601301021 0.580378948395 -0.658858158046 0.752267191612
0.412609507037 0.615961957777 0.0 1.0
0.70031977752 0.376868809179 0.0 -1.0
0.602379380825 0.380657862752 0.0 -1.0
0.145196794504 0.446492102159 -0.890638876013 -0.454711328795
0.361211665571 0.379306132649 0.0 -1.0
0.15204082099 0.426820700569 -0.801140030117 -0.598476943703
0.83222313815 0.59415122553 0.657781440586 0.753208853121
0.480136056953 0.625266568803 0.0 1.0
0.136947136752 0.446527471104 -0.9039848971 -0.427564387916
0.128405801017 0.517750128196 -0.989513126561 0.144442972704
0.716449370244 0.376932274303 0.0 -1.0
0.426027585728 0.374892928654 0.0 -1.0
0.193832401812 0.567721013399 -0.638390002647 0.769713066357
0.882090725535 0.454720077201 0.945966251554 -0.32426509359
0.403314452067 0.398064013104 0.0 -1.0
0.416158600067 0.628751387699 0.0 1.0
0.802450548938 0.380851909755 0.402895279034 -0.91524608392
0.243335770349 0.634743228768 -0.0493970065389 0.998779222724
0.461650597512 0.641535881595 0.0 1.0
0.405467114587 0.624993004867 0.0 1.0
0.152643126982 0.389165558199 -0.659948671636 -0.751310688601
0.579538012843 0.606019678194 0.0 1.0
0.400494028162 0.624955663309 0.0 1.0
0.531095061332 0.38240497982 0.0 -1.0
0.704184706752 0.585834709233 0.0 1.0
0.504202304714 0.593882088271 0.0 1.0
0.146111166189 0.537531000039 -0.940512232763 0.339759826972
0.80279060733 0.386367981844 0.421320089414 -0.90691200359
0.875759577895 0.569739102843 0.874535546205 0.48496141952
0.832704791148 0.392760152997 0.610693903937 -0.79186675375
0.677314383168 0.623263623719 0.0 1.0
0.783232380858 0.62360394395 0.259634845606 0.965706863881
0.487106528363 0.61660866543 0.0 1.0
0.536124405276 0.332336270756 0.0 -1.0
0.788787887093 0.359656617443 0.266386486435 -0.963866297701
0.785625961435 0.645773384764 0.237401311002 0.971411662239
0.172630598061 0.402561258981 -0.621837840258 -0.783146027522
0.722189815173 0.601124472136 0.0 1.0
0.572671081843 0.374362183374 0.0 -1.0
0.243022990066 0.385868118026 -0.0610149093668 -0.998136854762
0.79319680667 0.639134210939 0.296501802811 0.955032293135
0.579028987216 0.653389818668 0.0 1.0
0.846892472179 0.4215773745 0.777302396172 -0.629127161157
0.269642436905 0.380426738515 0.0 -1.0
0.730176165395 0.643744339897 0.0 1.0
0.238852274485 0.387550757398 -0.0986482859988 -0.995122362159
0.433412059986 0.626068018584 0.0 1.0
0.87306276277 0.484078324977 0.99173474096 -0.128305119047
0.247004465808 0.590100252023 -0.0332262827789 0.999447854634
0.224231271733 0.627042906587 -0.198781588214 0.980043815442
0.803101101518 0.387723683749 0.427537110171 -0.903997798353
0.538449946532 0.369903432229 0.0 -1.0
0.777105429452 0.377145782753 0.21544344437 -0.976516319514
0.190591765838 0.380161309146 -0.444147972271 -0.895953446741
0.556106739732 0.625074678907 0.0 1.0
0.136067437373 0.463556568324 -0.952463027773 -0.304654198601
0.149476795395 0.571721849381 -0.814044382398 0.580802671728
0.433613961256 0.624991087524 0.0 1.0
0.50844291086 0.609882899473 0.0 1.0
0.723113377834 0.373055940222 0.0 -1.0
0.525743558449 0.621413887381 0.0 1.0
0.572925681594 0.396459063485 0.0 -1.0
0.523854779499 0.406598302352 0.0 -1.0
0.504646143767 0.644199373725 0.0 1.0
0.378716502797 0.374921908174 0.0 -1.0
0.201340430496 0.654654162197 -0.300125313754 0.953899783019
0.559072933134 0.376513133952 0.0 -1.0
0.810239592019 0.390415266081 0.481715861982 -0.876327466371
0.617241113791 0.631866971159 0.0 1.0
0.668561649444 0.372066702562 0.0 -1.0
0.673275840029 0.6446662131 0.0 1.0
0.629567828209 0.62126458081 0.0 1.0
0.588853200395 0.359564997221 0.0 -1.0
0.198771388384 0.395407008512 -0.439855217045 -0.898068698952
0.203320310707 0.38567144734 -0.377993347576 -0.925808311255
0.563232341205 0.621811093965 0.0 1.0
0.192908249643 0.611299765057 -0.456404524578 0.889772392213
0.69251514794 0.62648966706 0.0 1.0
0.256456983419 0.625017444324 0.0 1.0
0.51136641529 0.373973065379 0.0 -1.0
0.424835929204 0.375090613787 0.0 -1.0
0.765831607347 0.376086541283 0.126729376238 -0.991937329269
0.344136426687 0.347622228215 0.0 -1.0
0.185721542635 0.381555256026 -0.476971025481 -0.87891901837
0.808553306556 0.400214880175 0.506089433102 -0.862481005995
0.805029083221 0.387914347845 0.440699897534 -0.897654499411
0.736950511123 0.620285499352 0.0 1.0
0.805409911785 0.416988827249 0.555172235638 -0.831735407914
0.279361995019 0.361167130617 0.0 -1.0
0.159683391656 0.588682011816 -0.713534454652 0.700620141035
0.48800878752 0.644794341601 0.0 1.0
0.227848014996 0.384803875376 -0.18883207582 -0.982009392593
0.722859284502 0.375185793567 0.0 -1.0
0.465688693474 0.401414425863 0.0 -1.0
0.247746275341 0.375413844621 -0.0180861469152 -0.999836432268
0.154317818844 0.584920638354 -0.747915611351 0.66379382213
0.672194569905 0.631090452509 0.0 1.0
0.150351067741 0.427096894757 -0.807074600231 -0.590449481042
0.117749951813 0.482237667819 -0.991101280964 -0.133109920262
0.229267821947 0.38671357095 -0.180010891402 -0.983664617121
0.295370658103 0.376893885161 0.0 -1.0
0.175873661966 0.399621522356 -0.594042990024 -0.804433294937
0.574678372537 0.617280371873 0.0 1.0
0.338472129963 0.375040883645 0.0 -1.0
0.777242878667 0.623870692758 0.214790770728 0.976660086627
0.267124142114 0.376222802662 0.0 -1.0
0.557875835173 0.362819677509 0.0 -1.0
0.213425255154 0.367415884532 -0.265922149937 -0.963994507335
0.178128512427 0.602271490006 -0.574968309241 0.818175680015
0.141842266962 0.562665927367 -0.865262177787 0.501319622289
0.299426762238 0.609330067904 0.0 1.0
0.521021170096 0.37564502368 0.0 -1.0
0.142227557358 0.569932889282 -0.83887038249 0.544331223963
0.582711671233 0.374937926829 0.0 -1.0
0.81861124684 0.59144993261 0.600129101167 0.799903157846
0.18128820555 0.605102531433 -0.547193767039 0.837005962531
0.376985334761 0.382685868745 0.0 -1.0
0.437624823185 0.381758139056 0.0 -1.0
0.69379547444 0.358816954973 0.0 -1.0
0.813992291554 0.415035036238 0.601610035702 -0.798789937933
0.722555504021 0.384864988007 0.0 -1.0
0.49322077001 0.387669474658 0.0 -1.0
0.814718485372 0.6034989297 0.530179803568 0.847885237452
0.131280777082 0.461476492083 -0.95117819467 -0.308642255668
0.544745216898 0.661534824633 0.0 1.0
0.152358477564 0.633510517178 -0.59031451225 0.807173325022
0.595608967606 0.383719592768 0.0 -1.0
0.320405617198 0.372498100409 0.0 -1.0
0.341563422015 0.627065492883 0.0 1.0
0.601066932348 0.393867752829 0.0 -1.0
0.633434158539 0.625124564077 0.0 1.0
0.330431829391 0.620536576044 0.0 1.0
0.154078919811 0.399814357976 -0.691566039624 -0.722313237341
0.772063523013 0.376962560215 0.176502992954 -0.984300103362
0.826726859363 0.609630376818 0.573386416212 0.819285064983
0.773507970611 0.378140875985 0.18941315807 -0.981897477107
0.64194992821 0.376347724931 0.0 -1.0
0.179539097481 0.398365443154 -0.569743953008 -0.821822260596
0.843133398979 0.39425300182 0.660930776725 -0.750446872455
0.860412971818 0.44191173107 0.885000394752 -0.465590271901
0.214459236848 0.622385424052 -0.278872337231 0.960328183241
0.126723707798 0.45450041835 -0.938143003304 -0.346248040215
0.19042557972 0.429503603828 -0.645456193231 -0.763797291577
0.533598370075 0.616745511654 0.0 1.0
0.401478687205 0.644057709527 0.0 1.0
0.439054613217 0.597725410981 0.0 1.0
0.74756570172 0.3596458751 0.0 -1.0
0.197384464328 0.634289122739 -0.364800306804 0.931085783457
0.166718140406 0.474378214093 -0.955794482113 -0.294035555608
0.123130101197 0.530099175501 -0.97299379186 0.230831282546
0.453756404391 0.373792425404 0.0 -1.0
0.850446957523 0.524093413282 0.972419943911 0.233236902493
0.77232347444 0.376868549587 0.178384705847 -0.983960820724
0.856076166994 0.412891834853 0.772820150733 -0.634625097692
0.335384622455 0.3658392643 0.0 -1.0
0.810597475665 0.390687104065 0.484829941926 -0.87460844234
0.55328453299 0.612480340715 0.0 1.0
0.164654783214 0.470245111875 -0.944262531226 -0.329193365853
0.769850511327 0.624333470452 0.157654098754 0.987494397526
0.789871944102 0.616911400031 0.322780909004 0.946473710561
0.551091127593 0.625860705861 0.0 1.0
0.816036061352 0.393790903156 0.528010573522 -0.849237796055
0.36089875948 0.355980939087 0.0 -1.0
0.561195035832 0.666809913196 0.0 1.0
0.17678180202 0.397775200713 -0.582289552612 -0.812981473909
0.86556569786 0.536384058872 0.953846297067 0.300295257325
0.614118512102 0.375004543821 0.0 -1.0
0.787913273439 0.413202340931 0.400268112357 -0.916398078474
0.857554014665 0.536248676099 0.947630802854 0.319367909286
0.299701400814 0.62499110109 0.0 1.0
0.297490953595 0.397552737647 0.0 -1.0
0.523724872695 0.638637773526 0.0 1.0
0.810225869331 0.38647692319 0.468643623169 -0.883387318487
0.799526606316 0.607859650494 0.417279791059 0.908778067503
0.186715166473 0.607923829258 -0.505827486722 0.862634658286
0.570011621711 0.624995781956 0.0 1.0
0.226994144539 0.396848150469 -0.217672381538 -0.976021892334
0.22991824134 0.638627201085 -0.143361731796 0.989670356157
0.336621324132 0.373826505957 0.0 -1.0
0.71937568437 0.629380696751 0.0 1.0
0.651910430374 0.62334031725 0.0 1.0
0.440634944868 0.648174540954 0.0 1.0
0.833751620368 0.431176701188 0.772605172662 -0.634886798709
0.82397521274 0.40235281018 0.603854585257 -0.797094498704
0.449091447247 0.618453272393 0.0 1.0
0.741884197157 0.619231118346 0.0 1.0
0.766885606495 0.629119092975 0.12966767699 0.991557508944
0.734979881367 0.355840489144 0.0 -1.0
0.646549647171 0.374874261235 0.0 -1.0
0.71508016037 0.632224631166 0.0 1.0
0.62254542113 0.627477642012 0.0 1.0
0.53547961951 0.357995287511 0.0 -1.0
0.70504377408 0.643444485646 0.0 1.0
0.231052798333 0.644897680634 -0.129655933839 0.991559044546
0.823279049684 0.598236432931 0.597914511877 0.801559877044
0.698556187228 0.358250145843 0.0 -1.0
0.804953756295 0.612267401006 0.439638779783 0.898174673051
0.383173382427 0.370634573347 0.0 -1.0
0.36497365895 0.379131795405 0.0 -1.0
0.408278245235 0.62261954311 0.0 1.0
0.632944223568 0.351607951804 0.0 -1.0
0.798800306319 0.377081409609 0.368989710163 -0.929433480026
0.539860895922 0.627560847746 0.0 1.0
0.514318188344 0.642602584123 0.0 1.0
0.269612940178 0.606150543648 0.0 1.0
0.666796767042 0.656251424251 0.0 1.0
0.200002174852 0.614839661404 -0.399172266132 0.916875946871
0.258027909899 0.589068012699 0.0 1.0
0.467239183431 0.622769245661 0.0 1.0
0.324779724852 0.368110050707 0.0 -1.0
0.191613865048 0.61568698131 -0.45055413713 0.892749107821
0.357908914595 0.623221544156 0.0 1.0
0.221791285818 0.379708177874 -0.22830249666 -0.973590247496
0.170438563925 0.606667734027 -0.597881716146 0.801584339604
0.697482299846 0.403553390452 0.0 -1.0
0.184275763889 0.390822726327 -0.515746871435 -0.856741013729
0.134457387297 0.471618762912 -0.971133576923 -0.238536319609
0.410926090052 0.614036453769 0.0 1.0
0.543963427202 0.623549946593 0.0 1.0
0.332349603679 0.643250264175 0.0 1.0
0.36180261469 0.356307434609 0.0 -1.0
0.907857234721 0.511748458483 0.997242051729 0.0742178567652
0.791709681647 0.60750387111 0.361703870747 0.932293038634
0.753890449414 0.384861436893 0.0337687421332 -0.999429673391
0.751208166645 0.374826602472 0.00965118675466 -0.999953426213
0.251422423804 0.372500965077 0.0 -1.0
0.437053132132 0.401820567221 0.0 -1.0
0.612341407912 0.375550565034 0.0 -1.0
0.25607604667 0.622634337581 0.0 1.0
0.612792988977 0.647755663869 0.0 1.0
0.156898519844 0.623937101302 -0.600611354041 0.799541119266
0.692089619153 0.6256224446 0.0 1.0
0.13302702533 0.553639330098 -0.908989281262 0.416819489168
0.497085722045 0.346838487151 0.0 -1.0
0.175326239257 0.613067290727 -0.55109177025 0.83444464212
0.848448285718 0.605546872463 0.682087557009 0.731270513951
0.582671808833 0.621527461003 0.0 1.0
0.451646948083 0.628965914671 0.0 1.0
0.257392877127 0.349557943103 0.0 -1.0
0.277558101771 0.37358531825 0.0 -1.0
0.394047997473 0.629628346123 0.0 1.0
0.735860428198 0.605426469382 0.0 1.0
0.798806909338 0.419986743538 0.520740162902 -0.853715223445
0.135749693167 0.550055618684 -0.915951080099 0.401289943639
0.355628731701 0.348145718407 0.0 -1.0
0.834716578234 0.415952933997 0.709906498042 -0.704295934986
0.448505607311 0.381199000603 0.0 -1.0
0.437127337229 0.364536693945 0.0 -1.0
0.63751142994 0.658576107879 0.0 1.0
0.15611333903 0.58251454966 -0.751134149159 0.660149596657
0.215343052456 0.411260093018 -0.363773274649 -0.931487522542
0.586799284611 0.621615843017 0.0 1.0
0.807263980796 0.60524583677 0.477926097023 0.87840004883
0.740659656009 0.620899448232 0.0 1.0
0.416718603011 0.393800887812 0.0 -1.0
0.629856005294 0.634510444881 0.0 1.0
0.818229344058 0.407705529334 0.594452658036 -0.804130609637
0.228875735497 0.407513376542 -0.222658584059 -0.97489648422
0.65980981484 0.63409843568 0.0 1.0
0.433248305053 0.60844889061 0.0 1.0
0.788689490207 0.390833288159 0.33404015478 -0.942558844314
0.850739922263 0.430608196018 0.823536761007 -0.567262904896
0.202441634359 0.604293290536 -0.414895414846 0.909869108576
0.728183451454 0.369102261235 0.0 -1.0
0.381851444724 0.6338233967 0.0 1.0
0.863411927809 0.404527614963 0.765020088772 -0.644006415943
0.870300971193 0.534139717382 0.962014407479 0.272998680956
0.770683632103 0.62795501398 0.159571877355 0.987186312687
0.825834667533 0.599728483173 0.60528752057 0.796006920474
0.660560807095 0.395632249973 0.0 -1.0
0.356719650831 0.64043202554 0.0 1.0
0.122535002848 0.530865027359 -0.971913577763 0.235338049111
0.195710538798 0.557480070139 -0.68664011558 0.726997490832
0.189796501776 0.388524188477 -0.475182718583 -0.879887142741
0.868680786226 0.387991994644 0.727256368769 -0.686365918505
0.518210315608 0.625725207976 0.0 1.0
0.398686652029 0.369342448567 0.0 -1.0
0.220563926438 0.389696634105 -0.257833265872 -0.966189426049
0.505384258733 0.616795935965 0.0 1.0
0.197127927513 0.579931193405 -0.551687674889 0.834050783451
0.78902511971 0.382220718351 0.31451788232 -0.949251548169
0.582899119804 0.629583713681 0.0 1.0
0.49639021567 0.370513028211 0.0 -1.0
0.642260076702 0.396080833839 0.0 -1.0
0.200108577477 0.598230682392 -0.45283126103 0.891596236552
0.87385230065 0.4829399611 0.99064662207 -0.136452446595
0.381528799283 0.616903869214 0.0 1.0
0.674063384266 0.39838530926 0.0 -1.0
0.689516882051 0.34001426471 0.0 -1.0
0.813317239547 0.391649283396 0.504534788449 -0.863391363893
0.179286524971 0.391956119659 -0.547621199596 -0.836726372091
0.803256491794 0.643305902476 0.348345873572 0.937366071695
0.644398001766 0.622500097737 0.0 1.0
0.52309160905 0.372838198305 0.0 -1.0
0.102565695729 0.552183848841 -0.94269420353 0.333657966534
0.829018378642 0.599301289278 0.622659490398 0.782492913078
0.733855945766 0.618705772928 0.0 1.0
0.182126692427 0.628981242895 -0.465679477169 0.88495345897
0.200552269306 0.61438686526 -0.396789795132 0.917909504515
0.446924084738 0.37574883618 0.0 -1.0
0.414022018419 0.36721880749 0.0 -1.0
0.669704730319 0.624416870432 0.0 1.0
0.810661569402 0.610714339245 0.480505128103 0.876991916649
0.597255899803 0.624999784361 0.0 1.0
0.2980437671 0.373115100128 0.0 -1.0
0.544976580535 0.628176301078 0.0 1.0
0.691898089744 0.604829542509 0.0 1.0
0.735833097038 0.402397137023 0.0 -1.0
0.3740845206 0.36824118671 0.0 -1.0
0.805286237726 0.434077031745 0.642580573826 -0.766218119168
0.532589726722 0.358851600923 0.0 -1.0
0.805205600758 0.372263893293 0.396713708398 -0.917942391204
0.272697184484 0.625443098497 0.0 1.0
0.590319427727 0.375048761181 0.0 -1.0
0.301560104836 0.595546672692 0.0 1.0
0.872099079842 0.593736430294 0.793208990903 0.608949502627
0.796449101309 0.618239500576 0.365630650425 0.93076002679
0.191901102208 0.406131458257 -0.526280855015 -0.850310802968
0.568180085704 0.37266809791 0.0 -1.0
0.46147051786 0.377245424757 0.0 -1.0
0.178466891661 0.408696250459 -0.616721824434 -0.787181168008
0.635018546728 0.32622735543 0.0 -1.0
0.557525846021 0.625390296182 0.0 1.0
0.686427929451 0.67122881168 0.0 1.0
0.50508832188 0.367506548785 0.0 -1.0
0.344488269117 0.362978508308 0.0 -1.0
0.220398471333 0.622127143245 -0.235555795355 0.971860827112
0.20072298018 0.604426204436 -0.426747613328 0.904370761645
0.783485467675 0.378132583354 0.264943349135 -0.964263979286
0.273499695691 0.389719369368 0.0 -1.0
0.245652819601 0.631259317989 -0.0330999181414 0.999452047584
0.211854568081 0.388265341337 -0.323075973121 -0.946373031945
0.376818921815 0.620065535206 0.0 1.0
0.811403417789 0.608949966547 0.49097809948 0.871171915199
0.746093290594 0.398494443738 0.0 -1.0
0.785076387731 0.377572817973 0.275419976902 -0.961324001741
0.561976162219 0.365088860865 0.0 -1.0
0.167756555356 0.407841066987 -0.665828250886 -0.74610504644
0.20044168115 0.614713785657 -0.396582595703 0.917999044
0.185367317992 0.436948315977 -0.715807893415 -0.698297257424
0.793337958991 0.606565141475 0.37671052268 0.926331032678
0.341362726926 0.389898854056 0.0 -1.0
0.616740658233 0.629477924516 0.0 1.0
0.748444985959 0.614302639963 0.0 1.0
0.210325305137 0.621205271746 -0.311085319314 0.950381988522
0.165522709446 0.418524837971 -0.719781237936 -0.694200957587
0.263594073777 0.629273074955 0.0 1.0
0.76743776388 0.623786108074 0.139488638012 0.990223671635
0.407050422138 0.625031247422 0.0 1.0
0.144227659882 0.436322937919 -0.856731991181 -0.515761859084
0.702542074945 0.646508799307 0.0 1.0
0.860058526645 0.395752146205 0.726012760025 -0.687681228681
0.632147570154 0.345913106768 0.0 -1.0
0.376746608541 0.373448053685 0.0 -1.0
0.510341553459 0.624947838613 0.0 1.0
0.765996611537 0.622687999681 0.129286128581 0.991607330024
0.809709411088 0.365644728045 0.406110245871 -0.913824090402
0.191222997437 0.638695734898 -0.390186869009 0.920735688052
0.464302261783 0.63743515875 0.0 1.0
0.293111699656 0.645753719437 0.0 1.0
0.381140562251 0.62452125225 0.0 1.0
0.173468828078 0.400593938982 -0.61003296399 -0.792376036264
0.580777930231 0.631563103893 0.0 1.0
0.56699760437 0.625000294327 0.0 1.0
0.408366586206 0.62499127308 0.0 1.0
0.489826524036 0.379416857582 0.0 -1.0
0.65968417242 0.380888285528 0.0 -1.0
0.647701097945 0.375074174498 0.0 -1.0
0.70991469154 0.37533472882 0.0 -1.0
0.740774786604 0.624893451705 0.0 1.0
0.733934523447 0.371423113323 0.0 -1.0
0.632653980608 0.624974599558 0.0 1.0
0.464659050184 0.62534168181 0.0 1.0
0.393118078491 0.628681850362 0.0 1.0
0.210687111528 0.575322720735 -0.462681837002 0.886524403335
0.163369889809 0.408959580782 -0.689341380793 -0.724436650596
0.267080375091 0.368985716831 0.0 -1.0
0.126853229581 0.487451424388 -0.994848672707 -0.101371191235
0.261837058666 0.380383297629 0.0 -1.0
0.299188165929 0.649466630421 0.0 1.0
0.225340998383 0.379333934779 -0.200213544659 -0.979752283251
0.12832305491 0.557088333605 -0.905312323579 0.424746508845
0.4116435483 0.345527292856 0.0 -1.0
0.188088244003 0.611563681921 -0.485229191161 0.874387003589
0.651756051366 0.34321746151 0.0 -1.0
0.430574944593 0.375042134016 0.0 -1.0
0.357280778605 0.62545348101 0.0 1.0
0.296837303078 0.409139946809 0.0 -1.0
0.318100280185 0.618840357359 0.0 1.0
0.194139651287 0.395040746164 -0.469808682481 -0.882768260567
0.617619349826 0.634648029681 0.0 1.0
0.210895439911 0.366488178262 -0.281078032946 -0.959684916728
0.527967513607 0.387862990197 0.0 -1.0
0.838838197716 0.412435975419 0.712195877496 -0.701980791816
0.313213347377 0.613225609679 0.0 1.0
0.133053446327 0.621819052285 -0.692532382359 0.721386789028
0.481462333386 0.375111242601 0.0 -1.0
0.43563285676 0.627454082246 0.0 1.0
0.777739552978 0.383876146828 0.232335027573 -0.97263581826
0.185320091669 0.409580934804 -0.581798042334 -0.813333288349
0.169171675265 0.412059801123 -0.676707780559 -0.736251709493
0.652984571865 0.649042458507 0.0 1.0
0.242137874771 0.66671773901 -0.0471051101007 0.998889938183
0.786054690322 0.626990412315 0.273115787344 0.961981167541
0.173921318551 0.40085330875 -0.608762029089 -0.793352879833
0.617587791762 0.648295472627 0.0 1.0
0.68141360085 0.377347246174 0.0 -1.0
0.760318626995 0.578787512158 0.129849059525 0.991533772365
0.713135795529 0.635720870862 0.0 1.0
0.900559877705 0.473801834618 0.985197047934 -0.171425717854
0.246194805239 0.624410100268 -0.0305706186588 0.99953260941
0.749841258952 0.625934925317 0.00140490818718 0.999999013116
0.513786449782 0.632936697713 0.0 1.0
0.194507210551 0.386064975323 -0.437873236666 -0.899036722616
0.806272939801 0.390895040464 0.458383163291 -0.888754676844
0.445407552567 0.37851168897 0.0 -1.0
0.466942266028 0.374743700931 0.0 -1.0
0.529292888609 0.625371892522 0.0 1.0
0.668661491227 0.583268676531 0.0 1.0
0.582295426007 0.623712646814 0.0 1.0
0.167914768967 0.605977716 -0.612347603487 0.790588649364
0.541147998916 0.622785953616 0.0 1.0
0.190948933058 0.595785497683 -0.524774710248 0.851241154717
0.382474032159 0.630784204107 0.0 1.0
0.810063997924 0.39220325014 0.486731662595 -0.873551537476
0.52619292611 0.625516295753 0.0 1.0
0.190379003281 0.610780182498 -0.473909350284 0.8805736356
0.84451095183 0.58181257466 0.756074162421 0.654485951659
0.791700546918 0.619947713914 0.328370212232 0.944549100745
0.121885217618 0.460839400961 -0.956323381558 -0.292310776204
0.489187292627 0.333716624309 0.0 -1.0
0.117187308764 0.498613346096 -0.999945503716 -0.0104398083817
0.129277236996 0.459104644688 -0.947134115259 -0.320837915018
0.292727149761 0.588572607425 0.0 1.0
0.692951064766 0.374985129529 0.0 -1.0
0.160023677033 0.590168612137 -0.706351580049 0.707861176618
0.58288472043 0.411192502748 0.0 -1.0
0.667116421108 0.643325206709 0.0 1.0
0.326764567526 0.624541259927 0.0 1.0
0.124821078263 0.504610269301 -0.999322528436 0.036803317257
0.687728723371 0.376786233342 0.0 -1.0
0.654510712015 0.366352174318 0.0 -1.0
0.784357627306 0.379819404526 0.274864476637 -0.9614829793
0.871406765553 0.516246625807 0.991165185425 0.132633235657
0.251513998784 0.374784552302 0.0 -1.0
0.233337335236 0.624091700939 -0.133078604698 0.991105486299
0.0806780595286 0.471068543957 -0.985714813457 -0.168422998818
0.405663859903 0.627141625392 0.0 1.0
0.853452560581 0.617050301343 0.662242721131 0.749289382221
0.854761869779 0.568023056023 0.838710734805 0.544577178482
0.211677890813 0.619952865709 -0.304316159378 0.95257108666
0.27914121732 0.372969550234 0.0 -1.0
0.18739886305 0.391767236943 -0.500671217939 -0.86563752895
0.801565536835 0.613115642763 0.41479098265 0.909916721855
0.362247136378 0.644921271281 0.0 1.0
0.213737508007 0.385006739488 -0.300737744788 -0.953706877851
0.604471338752 0.596578506682 0.0 1.0
0.208471741574 0.595814566936 -0.397666379539 0.917530081569
0.788259544377 0.624608169074 0.29350858174 0.955956438571
0.722197187149 0.624856576144 0.0 1.0
0.484261467366 0.62639211691 0.0 1.0
0.367492913119 0.378085131102 0.0 -1.0
0.128322969641 0.465090629319 -0.961223759136 -0.275769622824
0.667191266268 0.422881266743 0.0 -1.0
0.563642064143 0.630677456254 0.0 1.0
0.490249765124 0.369779452928 0.0 -1.0
0.73816929959 0.670859924986 0.0 1.0
0.80895371845 0.383837036715 0.452555943324 -0.891736013718
0.447871514972 0.625002882353 0.0 1.0
0.314397724079 0.368258938443 0.0 -1.0
0.198790638019 0.383350959935 -0.401967162806 -0.91565408317
0.316854894381 0.623334115542 0.0 1.0
0.438806107414 0.392190934299 0.0 -1.0
0.638994493722 0.633583003974 0.0 1.0
0.150382811675 0.425888130765 -0.802320171117 -0.596893912701
0.244699128138 0.601198805652 -0.0523065368878 0.998631076123
0.480411911997 0.640190046235 0.0 1.0
0.184335931508 0.604734100454 -0.531186992829 0.847254612646
0.786618137478 0.628835045374 0.273390418887 0.961903154616
0.207138705831 0.618283731032 -0.340675688956 0.940180873532
0.186071888756 0.607990690517 -0.50940514843 0.860526812338
0.398779716401 0.614958662164 0.0 1.0
0.719773000464 0.603397902872 0.0 1.0
0.301175187542 0.363800464877 0.0 -1.0
0.843077198148 0.581298369163 0.753156006258 0.657841949284
0.872866561927 0.522608080624 0.983490119393 0.180961833149
0.325105179737 0.374583801108 0.0 -1.0
0.855675123899 0.434314016523 0.849302972306 -0.527905731389
0.621973687919 0.624847867096 0.0 1.0
0.843486683508 0.43235719141 0.810169467595 -0.58619572992
0.605757749796 0.626116038259 0.0 1.0
0.804669760769 0.608087967686 0.451334587607 0.89235480053
0.794421427254 0.63488128537 0.312804072135 0.94981767327
0.407382337526 0.374663130481 0.0 -1.0
0.215223984155 0.636294194909 -0.247227910304 0.968957357352
0.616430798786 0.380888099535 0.0 -1.0
0.14064167301 0.367323230124 -0.636035573097 -0.771659737031
0.396485017307 0.349328342002 0.0 -1.0
0.103131191613 0.537067429112 -0.969597144342 0.244706717694
0.727670116797 0.634365286472 0.0 1.0
0.820135737933 0.420650767544 0.662265534616 -0.749269218412
0.784455957081 0.347801016025 0.220796218204 -0.975319962898
0.540333774333 0.388568567984 0.0 -1.0
0.541138791327 0.653797438425 0.0 1.0
0.567256084255 0.359898484759 0.0 -1.0
0.510284857042 0.362314841209 0.0 -1.0
0.791122414763 0.381233455498 0.327180872968 -0.944961732751
0.176247038741 0.42192951533 -0.686719710417 -0.726922306251
0.802456781297 0.385522035553 0.416566993686 -0.90910502131
0.470477698776 0.642296208681 0.0 1.0
0.77412630271 0.377310832534 0.192944977347 -0.981209577876
0.769409512593 0.623592833841 0.155137919721 0.987892821041
0.331834363524 0.338979895985 0.0 -1.0
0.764836964031 0.375401790396 0.11823949633 -0.992985106388
0.385597822213 0.373342631567 0.0 -1.0
0.467292282184 0.615915959667 0.0 1.0
0.450011953644 0.374835167799 0.0 -1.0
0.727945245105 0.377937667585 0.0 -1.0
0.355335404765 0.62850127547 0.0 1.0
0.146547442363 0.439657361012 -0.863799693465 -0.503835379434
0.24832326061 0.615936489024 -0.0144605185369 0.999895441236
0.814400859383 0.623045095951 0.463711546263 0.885986231193
0.255498292209 0.619311727117 0.0 1.0
0.409586307182 0.377067290657 0.0 -1.0
0.184880791515 0.361204152237 -0.424742780486 -0.905314072808
0.42286215386 0.367493076979 0.0 -1.0
0.842733882385 0.460805645507 0.921111752531 -0.38929826528
0.1663982749 0.401174463396 -0.645850862497 -0.763463596652
0.249160620019 0.374852378094 -0.00675828833533 -0.999977162509
0.789766317647 0.658344596465 0.243570339835 0.96988323501
0.206040902638 0.616507893184 -0.353006572745 0.935620841794
0.874653021007 0.522660644029 0.983875747177 0.178853331297
0.773174936817 0.586015765656 0.260136581325 0.965571830086
0.182690858841 0.548008723685 -0.814135894821 0.580674387901
0.367560647182 0.416532178128 0.0 -1.0
0.818001157654 0.401963432336 0.569939804435 -0.821686448301
0.305225156703 0.362946813399 0.0 -1.0
0.659470962533 0.618029309286 0.0 1.0
0.680087962893 0.325818386136 0.0 -1.0
0.622620881715 0.351908153966 0.0 -1.0
0.221896104458 0.622342229904 -0.223878183356 0.97461713458
0.517697012587 0.387460708364 0.0 -1.0
0.18154482308 0.392585646799 -0.537432489491 -0.84330677647
0.150012778317 0.574594208582 -0.801524567418 0.59796184479
0.714930386547 0.382427266898 0.0 -1.0
0.810828287501 0.607335671363 0.493035356963 0.870009273965
0.84074947841 0.576567684059 0.7643024644 0.644857924595
0.578785291509 0.622756895655 0.0 1.0
0.448380130956 0.332292503218 0.0 -1.0
0.454238456294 0.372184120028 0.0 -1.0
0.657272695016 0.615942610236 0.0 1.0
0.298502039135 0.618243645146 0.0 1.0
0.835907054278 0.410664020283 0.6931379131 -0.720804989871
0.864485132026 0.382137023951 0.696753144248 -0.717310989725
0.660876703469 0.359826332384 0.0 -1.0
0.794994260018 0.374845058359 0.33830341754 -0.941037086241
0.675710317639 0.640993077738 0.0 1.0
0.758738763649 0.377444210553 0.0711214738608 -0.997467661609
0.495095666354 0.378900440097 0.0 -1.0
0.136452976702 0.393546377285 -0.72952711603 -0.683951889373
0.615390822545 0.62951194267 0.0 1.0
0.155923595658 0.603139794448 -0.673898411215 0.73882401921
0.186884523152 0.371649746043 -0.441271571717 -0.897373612268
0.461438451238 0.630527834339 0.0 1.0
0.588268724745 0.375003728985 0.0 -1.0
0.784408286901 0.403245175276 0.335055541693 -0.942198378252
0.243729686304 0.638645016681 -0.0451783233125 0.998978938268
0.778277430517 0.622783101085 0.224422942368 0.974491838313
0.618132786994 0.374999941758 0.0 -1.0
0.137888271492 0.413562060621 -0.791948939536 -0.610587321493
0.343146583839 0.379017112169 0.0 -1.0
0.249129187091 0.375315931721 -0.00701722203685 -0.999975378994
0.820970487202 0.602848587851 0.567947806813 0.823064571426
0.107619932691 0.570384085193 -0.896449849695 0.443145198532
0.609543943797 0.375585758117 0.0 -1.0
0.728821387181 0.378682278188 0.0 -1.0
0.760783962757 0.373933371133 0.0852279031242 -0.996361482861
0.29497473462 0.617510601619 0.0 1.0
0.125301038515 0.487480810252 -0.994998480818 -0.0998900554102
0.503957624359 0.385298514075 0.0 -1.0
0.833331597878 0.441965102365 0.820609111692 -0.571489882506
0.489992539469 0.381326112836 0.0 -1.0
0.5547372353 0.386479015693 0.0 -1.0
0.14272039302 0.567357890647 -0.846906466772 0.531741889021
0.370166391661 0.647145134152 0.0 1.0
0.335477030937 0.381031733457 0.0 -1.0
0.491596595043 0.383009862495 0.0 -1.0
0.167576944239 0.594053758368 -0.659073567145 0.752078475354
0.501354289262 0.367505977126 0.0 -1.0
0.687719024434 0.623617734587 0.0 1.0
0.188759843164 0.415185716894 -0.585393278828 -0.810749473699
0.158164870586 0.621023802278 -0.604484379959 0.796616993533
0.32568152444 0.609823702335 0.0 1.0
0.198329932667 0.574221610871 -0.571336781706 0.820715713186
0.397058126623 0.407540524525 0.0 -1.0
0.60701635845 0.397448155956 0.0 -1.0
0.87177824451 0.417062157443 0.826522529488 -0.562903640288
0.368265750729 0.610658770824 0.0 1.0
0.769893947917 0.36755262051 0.148532575976 -0.988907515329
0.30480316394 0.580926832689 0.0 1.0
0.865551828369 0.530265598105 0.967369967043 0.253368006786
0.777155928102 0.378238322915 0.217671249627 -0.976022144772
0.777237075443 0.621992300637 0.217897706953 0.97597161296
0.223153095268 0.382936013553 -0.223525695494 -0.974698037063
0.264829411765 0.343083446963 0.0 -1.0
0.768026630285 0.34346245132 0.114400217756 -0.993434743794
0.229116050099 0.637754719934 -0.149886127909 0.988703266233
0.422370652064 0.666544193393 0.0 1.0
0.269584494403 0.374958475143 0.0 -1.0
0.222693627648 0.632678571912 -0.201578644475 0.979472332479
0.405379426407 0.400481431647 0.0 -1.0
0.757469751892 0.629860243981 0.0574248622536 0.998349831069
0.841579345362 0.395856638532 0.660355102198 -0.750953486576
0.845776655123 0.405356645845 0.711302705466 -0.7028858095
0.562705498722 0.619357018615 0.0 1.0
0.739618736174 0.66608500903 0.0 1.0
0.443893467492 0.375002446449 0.0 -1.0
0.334691083416 0.623502344416 0.0 1.0
0.84161557383 0.430788512029 0.797908731202 -0.602778281519
0.105776181289 0.515110322416 -0.994556653808 0.104197228209
0.170402837823 0.36672837312 -0.512758222172 -0.858533054457
0.194657069815 0.440369110663 -0.680260180458 -0.732970727167
0.174920971929 0.590007704113 -0.640547448598 0.767918593403
0.775709043989 0.385366766804 0.21882935004 -0.975763145216
0.60943045587 0.595615390179 0.0 1.0
0.784522627851 0.373128100276 0.262553453788 -0.964917449269
0.730730164305 0.379992679255 0.0 -1.0
0.743708614834 0.627205266274 0.0 1.0
0.584526861452 0.619596202139 0.0 1.0
0.810310283129 0.361460479711 0.399142462744 -0.916888921536
0.687605573353 0.378628775216 0.0 -1.0
0.763069979624 0.375620642306 0.104502947828 -0.994524576818
0.208021035859 0.619056237599 -0.332524887468 0.943094480534
0.470594548242 0.660786297092 0.0 1.0
0.828776359215 0.596355616181 0.632946278462 0.774195717232
0.808402469452 0.36293943678 0.391997909066 -0.919966107684
0.611690830367 0.623086801994 0.0 1.0
0.808877940533 0.375855087138 0.428511130581 -0.903536502289
0.770137099142 0.401002901449 0.199320443741 -0.97993436551
0.517474262098 0.38307766011 0.0 -1.0
0.771264553858 0.378459074293 0.17233499706 -0.985038399652
0.825119964703 0.399835792762 0.599980260039 -0.800014804591
0.656281873158 0.615391188982 0.0 1.0
0.299450275865 0.623139015292 0.0 1.0
0.329968863973 0.378908315711 0.0 -1.0
0.286873457918 0.375701432728 0.0 -1.0
0.769889747336 0.63876286038 0.141882715537 0.989883475482
0.671769289783 0.624971877618 0.0 1.0
0.52702537751 0.376905888677 0.0 -1.0
0.351613300622 0.604396346307 0.0 1.0
0.281305729483 0.372778866338 0.0 -1.0
0.150957380137 0.576287977277 -0.792234464952 0.610216807817
0.191463321174 0.569725532502 -0.642977090191 0.765885410156
0.215583310541 0.587095888939 -0.367492648391 0.930026426172
0.82062783123 0.601853230995 0.569827489792 0.821764340841
0.609093615817 0.375148676769 0.0 -1.0
0.452024230548 0.37417313682 0.0 -1.0
0.795275774667 0.60190827663 0.40600357361 0.913871488895
0.869993259058 0.452562336162 0.929967533018 -0.367641656416
0.288818743976 0.645794106287 0.0 1.0
0.726385349006 0.639535630726 0.0 1.0
0.799143098764 0.588640860882 0.484865471784 0.874588745795
0.463257724229 0.59778919429 0.0 1.0
0.208708331608 0.384739855318 -0.337250890031 -0.941414806115
0.190085430707 0.40198156292 -0.521534796672 -0.853230013455
0.457871184476 0.61606156915 0.0 1.0
0.832597204631 0.552562597978 0.84366343396 0.536872433823
0.688845063441 0.626273361112 0.0 1.0
0.793956355147 0.38664629575 0.361540580765 -0.932356374172
0.688070683915 0.611038346479 0.0 1.0
0.243156824833 0.603943241537 -0.0656904886217 0.997840047154
0.202423853056 0.384407456756 -0.380600245988 -0.924739667557
0.754205302144 0.627395290303 0.032990889461 0.999455652449
0.167582143281 0.407114960492 -0.663702560893 -0.747996598029
0.765690607291 0.612184163943 0.138511357625 0.990360845252
0.248713611954 0.371116617162 -0.00998022587954 -0.999950196305
0.267643640039 0.375415786946 0.0 -1.0
0.611337612438 0.632835622344 0.0 1.0
0.806256137422 0.392976969636 0.46527444634 -0.885166475632
0.219535846883 0.366093279463 -0.221829373376 -0.975085498358
0.221513237327 0.364956195956 -0.206397637163 -0.978468198448
0.25117815355 0.625376463743 0.0 1.0
0.236191600481 0.622005260733 -0.112457146311 0.993656575605
0.637777006848 0.624451064055 0.0 1.0
0.205516007314 0.61931928446 -0.349320532629 0.937003290007
0.370450926128 0.393497227499 0.0 -1.0
0.750351147883 0.363293060598 0.00333844038603 -0.999994427392
0.613267598497 0.389408468289 0.0 -1.0
0.766472086954 0.375663304303 0.131328245596 -0.991338938965
0.751481594451 0.379018122255 0.0122450801246 -0.999925026196
0.152044014846 0.574079994755 -0.797600396042 0.603186213564
0.408315500047 0.624695200921 0.0 1.0
0.850321285539 0.449006020365 0.891449850058 -0.453119371503
0.631216541726 0.361585994054 0.0 -1.0
0.115930326671 0.533411943192 -0.970323162877 0.24181182681
0.363403250014 0.410484226241 0.0 -1.0
0.872948782175 0.495564392812 0.999349907099 -0.0360522285123
0.588159103708 0.376062216347 0.0 -1.0
0.639029214216 0.380779896148 0.0 -1.0
0.253312607836 0.670819753312 0.0 1.0
0.516021797356 0.648542758637 0.0 1.0
0.736388968262 0.372541871851 0.0 -1.0
0.715996792309 0.599346374497 0.0 1.0
0.657781960061 0.36352843603 0.0 -1.0
0.863799203551 0.420561145671 0.819980348606 -0.572391673507
0.749862804955 0.604487673362 0.00178111564711 0.999998413812
0.402327418003 0.624959845716 0.0 1.0
0.634693604857 0.366080763136 0.0 -1.0
0.225387035957 0.632958499123 -0.182020554771 0.983294725726
0.643163318442 0.631859837188 0.0 1.0
0.14297745378 0.450332251167 -0.907081605537 -0.420954820492
0.884591060339 0.409215342125 0.829034156516 -0.559197967923
0.651950888505 0.624645701162 0.0 1.0
0.800848602482 0.386564053445 0.409035213629 -0.912518599269
0.178266389854 0.625242669435 -0.497003104254 0.867748762236
0.561348528865 0.641968000076 0.0 1.0
0.910903142097 0.538637555196 0.972359631309 0.233488216834
0.769896897728 0.380447769299 0.164165247286 -0.98643285204
0.164942790494 0.409156831272 -0.683477218437 -0.729971843209
0.790212748597 0.364537459723 0.284575285518 -0.958653694966
0.858100580374 0.423414435532 0.815976069772 -0.57808568012
0.383005989531 0.375780701535 0.0 -1.0
0.465218371693 0.633859286107 0.0 1.0
0.490831572527 0.593779401519 0.0 1.0
0.738691263982 0.413939268204 0.0 -1.0
0.790191950823 0.61348129061 0.333844064304 0.942628315259
0.687936262129 0.36978720662 0.0 -1.0
0.163617572404 0.588672210418 -0.697797550785 0.716295035665
0.807665878356 0.373533543855 0.414876811343 -0.909877591443
0.6424719103 0.624860362797 0.0 1.0
0.764866821541 0.606858861252 0.137792964384 0.990461053735
0.37731201427 0.625900738943 0.0 1.0
0.848995997255 0.433724042569 0.830972735216 -0.556313143227
0.170585143186 0.606827370754 -0.596598625889 0.802539768228
0.678286194425 0.376048795067 0.0 -1.0
0.246263971477 0.374904727598 -0.029851204689 -0.999554353489
0.327831333204 0.376662641632 0.0 -1.0
0.284596925902 0.37495831465 0.0 -1.0
0.16890425269 0.404361286414 -0.646733177284 -0.762716328263
0.443950573024 0.625147911852 0.0 1.0
0.619843893002 0.666353316145 0.0 1.0
0.744483310172 0.624984987229 0.0 1.0
0.779936195474 0.642003424776 0.206274978278 0.978494064027
0.790397605706 0.404899050582 0.390963474298 -0.920406193898
0.836144456442 0.592645166337 0.680945906738 0.732333716345
0.113372886361 0.554246451806 -0.9294243917 0.369012601565
0.386529985095 0.404157008732 0.0 -1.0
0.362716278691 0.62486538044 0.0 1.0
0.491033058217 0.374158893903 0.0 -1.0
0.830127910275 0.613608346908 0.576361910373 0.817194559619
0.274748036675 0.360434820833 0.0 -1.0
0.853641280327 0.398987515286 0.716130766898 -0.697966134352
0.786865976351 0.612284309649 0.311935604294 0.950103246376
0.874986163769 0.500519076648 0.999991376656 0.0041529041583
0.386899434863 0.624775057141 0.0 1.0
0.255945870815 0.664246841392 0.0 1.0
0.535898167363 0.628186790258 0.0 1.0
0.815425806673 0.408975244399 0.583641541548 -0.812011422936
0.806196281568 0.627315082914 0.403801912357 0.914846443714
0.291858641454 0.631792931064 0.0 1.0
0.57593937164 0.384465028633 0.0 -1.0
0.123408970503 0.55798253788 -0.909171774472 0.41642128248
0.807792191708 0.614459353448 0.450713299691 0.892668763586
0.39075557329 0.36777147295 0.0 -1.0
0.743061650333 0.623995941195 0.0 1.0
0.492053414871 0.382267035049 0.0 -1.0
0.220113927147 0.384793244885 -0.251093892318 -0.967962735461
0.476137979801 0.638786651632 0.0 1.0
0.850501720152 0.572429817196 0.811274618121 0.584665283724
0.133477359831 0.460725710301 -0.947623127349 -0.319390683196
0.266427207002 0.353775123111 0.0 -1.0
0.251266452399 0.373173572619 0.0 -1.0
0.655896308836 0.619866234828 0.0 1.0
0.112339876522 0.459944105482 -0.960179410488 -0.279384143563
0.440952552995 0.639896770684 0.0 1.0
0.80111630326 0.622176116871 0.385956831572 0.922516842211
0.545891789314 0.649309801621 0.0 1.0
0.714386335205 0.625693072298 0.0 1.0
0.917515048443 0.533783890906 0.980263918544 0.197693323104
0.724614192167 0.388752967976 0.0 -1.0
0.162520516739 0.515280560363 -0.985086363756 0.172060617058
0.289468299065 0.374097421931 0.0 -1.0
0.468597618289 0.632021096435 0.0 1.0
0.44337172173 0.375450751291 0.0 -1.0
0.619993631649 0.619834556053 0.0 1.0
0.212350573542 0.619753208453 -0.299911595598 0.953966998814
0.400569472283 0.634237797025 0.0 1.0
0.188214360946 0.396992352658 -0.514373580421 -0.857566218881
0.327668459475 0.382099919423 0.0 -1.0
0.571099846667 0.638699360444 0.0 1.0
0.850864986059 0.541140252516 0.925945152386 0.377658012987
0.579249811718 0.364258916175 0.0 -1.0
0.412121232877 0.625388486582 0.0 1.0
0.324411669324 0.372085605245 0.0 -1.0
0.571116931995 0.398218677825 0.0 -1.0
0.468472217828 0.633844711761 0.0 1.0
0.799007108695 0.599580438368 0.441551151659 0.897236078448
0.198121420382 0.599831258166 -0.461108872302 0.88734356812
0.207213773388 0.617701818165 -0.341633890314 0.939833115499
0.427485705159 0.632432748514 0.0 1.0
0.121832630316 0.410542272386 -0.820012846137 -0.572345116316
0.21141799609 0.636514257384 -0.271963996177 0.962307427376
0.233199153616 0.38718694385 -0.147296585941 -0.989092369685
0.403344609598 0.374694359338 0.0 -1.0
0.317342222447 0.374917679302 0.0 -1.0
0.540682342783 0.624659174237 0.0 1.0
0.151239479393 0.471078260008 -0.959697913119 -0.281033655556
0.287877189712 0.362279102291 0.0 -1.0
0.534890706335 0.652094357106 0.0 1.0
0.170137956692 0.649337750644 -0.471573913637 0.881826538485
0.875237467691 0.460395330843 0.953462227033 -0.301512489994
0.542157586881 0.382482684514 0.0 -1.0
0.766845957049 0.410133986576 0.184237190068 -0.98288181273
0.429366377827 0.580963435658 0.0 1.0
0.196266250355 0.387360841096 -0.430553797366 -0.902564915989
0.792514311652 0.634057529913 0.302291589282 0.953215502942
0.805418408908 0.599348538952 0.487144536716 0.87332136144
0.596725045461 0.625539059591 0.0 1.0
0.361125015969 0.629268949762 0.0 1.0
0.529931399007 0.372552208777 0.0 -1.0
0.221378901265 0.377501526958 -0.227510888142 -0.973775536649
0.174215618082 0.400469328783 -0.605794575642 -0.795621098339
0.345199454591 0.376280746325 0.0 -1.0
0.713211616122 0.625005582432 0.0 1.0
0.390819331696 0.404154155015 0.0 -1.0
0.589451505866 0.388711850636 0.0 -1.0
0.861482936181 0.495679642759 0.999249986748 -0.0387229129041
0.663750272283 0.610879907465 0.0 1.0
0.430465112933 0.376883011356 0.0 -1.0
0.782426171979 0.40779496939 0.331745407551 -0.943368954635
0.437778826326 0.374997729431 0.0 -1.0
0.702257826777 0.636852927372 0.0 1.0
0.289329452513 0.6290273612 0.0 1.0
0.807027473701 0.605535139836 0.475390366038 0.879774971159
0.362455432257 0.582730641798 0.0 1.0
0.542475860203 0.595788762419 0.0 1.0
0.312906658934 0.386193080498 0.0 -1.0
0.120905172921 0.393847819408 -0.772404417019 -0.635131023151
0.183278734679 0.401885186253 -0.562323397568 -0.826917406122
0.604115496206 0.340495536986 0.0 -1.0
0.242110054734 0.609180922678 -0.072073954733 0.99739929068
0.301332307432 0.375033545174 0.0 -1.0
0.680470677163 0.392379553661 0.0 -1.0
0.76933914861 0.367599553662 0.144528129628 -0.98950069214
0.483893274707 0.375192343065 0.0 -1.0
0.736066319841 0.37635274545 0.0 -1.0
0.419990703084 0.39284392238 0.0 -1.0
0.469339851147 0.35121177102 0.0 -1.0
0.651358928622 0.365969557031 0.0 -1.0
0.740948075572 0.577231267359 0.0 1.0
0.847147408229 0.465457042642 0.94221347554 -0.335013084088
0.67690362296 0.374965391418 0.0 -1.0
0.33764152255 0.627643031357 0.0 1.0
0.811410978118 0.637511681105 0.407766725237 0.913086139304
0.194523584066 0.613770569639 -0.438280104528 0.898838444869
0.560488064521 0.627702248103 0.0 1.0
0.492647571924 0.332611481395 0.0 -1.0
0.231539557622 0.624735608018 -0.146397624761 0.989225826323
0.232237354562 0.3802063583 -0.146668728068 -0.989185667207
0.257474692195 0.373946068828 0.0 -1.0
0.8128449072 0.608054751179 0.50274830024 0.864432846788
0.848989191 0.394131718441 0.682976677239 -0.730440181224
0.52409543788 0.358943060675 0.0 -1.0
0.832972698635 0.601696126987 0.632170575715 0.774829247771
0.660838504338 0.626249589157 0.0 1.0
