86
0.9 0.267167 0.731295 -0.682061
0.846725 0.209625 0.729061 -0.684449
0.800341 0.160257 0.402277 -0.915518
0.759715 0.116949 -0.00015743 -1
0.655682 0.115839 -0.00324023 -0.999995
0.56512 0.116834 0.00544222 -0.999985
0.474218 0.116424 0.00248304 -0.999997
0.381825 0.115835 -0.393931 -0.91914
0.277186 0.115983 -0.718111 -0.695929
0.232686 0.162578 -0.716478 -0.697609
0.179738 0.21642 -0.999248 -0.0387647
0.130109 0.267901 -0.777291 0.629141
0.208471 0.362936 -0.77908 0.626925
0.279504 0.452346 -0.780286 0.625423
0.353365 0.542969 -0.775997 0.630737
0.424459 0.633167 -0.0106613 0.999943
0.501632 0.725255 0.757475 0.652864
0.573067 0.643613 0.753576 0.657361
0.647441 0.556009 0.751479 0.659757
0.725522 0.468887 0.758166 0.652061
0.799836 0.382474 0.754053 0.656813
0.860411 0.312048 0.749935 0.661512
0.9 0.267167 0.733784 -0.679383
0.291842 0.166392 -0.962579 0.271002
0.353522 0.166703 -0.542625 -0.839975
0.335695 0.17773 -0.660532 -0.750798
0.299025 0.202452 -0.844883 -0.534952
0.268349 0.237361 -0.965093 -0.261908
0.250197 0.27936 -0.999137 0.0415407
0.246449 0.309924 -0.442301 -0.896867
0.252129 0.337226 0.999644 0.0266959
0.194371 0.270188 0.729157 0.684347
0.2449 0.217509 0.399943 0.91654
0.606572 0.166647 -0.795363 0.606133
0.670708 0.166931 -0.140947 -0.990017
0.657277 0.21662 0.75002 -0.661415
0.640045 0.188312 0.550562 -0.834794
0.625891 0.177048 0.969125 0.246569
0.753314 0.182167 -0.723272 0.690563
0.792904 0.224988 -0.999354 0.0359464
0.837009 0.269721 -0.764871 -0.644183
0.801297 0.311573 -0.766839 -0.64184
0.768307 0.35126 0.192596 -0.981278
0.736735 0.388722 0.82408 -0.566474
0.728914 0.364531 0.445171 -0.895446
0.685809 0.329742 0.159348 -0.987223
0.615198 0.312186 0.0557527 -0.998445
0.545096 0.306822 0.0707173 -0.997496
0.476117 0.304393 0.273896 -0.961759
0.410401 0.297377 0.73436 -0.67876
0.37 0.277935 0.998701 0.0509492
0.360532 0.253515 0.691928 0.721966
0.37625 0.22271 0.262247 0.965001
0.442653 0.192309 -0.0551931 0.998476
0.507599 0.185704 -0.506221 0.862404
0.579193 0.201098 -0.905818 0.423668
0.621863 0.249651 -0.650653 0.759375
0.626353 0.278583 -0.00191081 0.999998
0.691663 0.278587 0.708745 0.705464
0.75161 0.278812 0.99984 0.0178632
0.7512 0.230052 0.343881 0.939013
0.505736 0.554963 0.173864 0.98477
0.566869 0.550749 -0.850991 0.52518
0.603674 0.540139 -0.734607 -0.678493
0.551046 0.597127 0.0239973 -0.999712
0.505727 0.646187 0.759703 -0.65027
0.458221 0.589532 0.852663 0.522461
0.412608 0.537326 -0.190388 0.981709
0.454981 0.547999 -0.0337608 0.99943
0.282802 0.387234 -0.292634 0.956225
0.323259 0.406481 -0.0919359 0.995765
0.390897 0.416696 -0.0374313 0.999299
0.484252 0.419894 -0.11155 0.993759
0.575522 0.423605 -0.372566 0.928006
0.63027 0.433733 -0.9155 0.402317
0.656196 0.450742 -0.810929 -0.585144
0.652532 0.473155 -0.326232 -0.94529
0.615637 0.492492 -0.0749086 -0.99719
0.549069 0.504734 0.609548 -0.79275
0.510754 0.503511 0.759328 -0.650708
0.504706 0.483373 0.272839 -0.96206
0.455914 0.460074 -0.0601747 -0.998188
0.399149 0.453966 -0.666527 -0.745481
0.368653 0.461029 -0.183385 -0.983041
0.36224 0.479196 0.756668 -0.6538
0.321475 0.431594 0.796731 0.604334
