284
0.520784 0.116731 0.0104526 -0.999945
0.502854 0.116457 0.0047106 -0.999989
0.48275 0.116343 0.00100264 -1
0.461225 0.116262 -0.00441055 -0.99999
0.439621 0.1163 -0.0149085 -0.999889
0.41708 0.11646 0.000258173 -1
0.395137 0.116959 0.0222086 -0.999753
0.367759 0.116322 0.00543866 -0.999985
0.342547 0.115788 0.00386441 -0.999993
0.318473 0.116036 -0.00244151 -0.999997
0.294066 0.115596 -0.405788 -0.913967
0.277186 0.115983 -0.720863 -0.693077
0.265087 0.128764 -0.714271 -0.69987
0.252606 0.141545 -0.715869 -0.698235
0.238605 0.155786 -0.718612 -0.695412
0.225817 0.169002 -0.712584 -0.701586
0.212649 0.182607 -0.719787 -0.694195
0.199754 0.195482 -0.724595 -0.689174
0.188576 0.207519 -0.70682 -0.707393
0.171448 0.225102 -0.708531 -0.705679
0.158214 0.237973 -0.726642 -0.687016
0.144165 0.252536 -0.73893 -0.673783
0.13567 0.261704 -0.999986 0.00538118
0.130109 0.267901 -0.750667 0.660681
0.138415 0.27696 -0.777187 0.62927
0.148224 0.288573 -0.76418 0.645003
0.157633 0.3007 -0.780779 0.624808
0.167181 0.311111 -0.789699 0.613494
0.178572 0.327493 -0.765332 0.643636
0.190981 0.341832 -0.787428 0.616406
0.202586 0.356034 -0.780845 0.624725
0.215684 0.373507 -0.774003 0.633182
0.228551 0.38859 -0.762166 0.647381
0.239769 0.402895 -0.770205 0.637796
0.250541 0.414615 -0.795201 0.606346
0.260828 0.428432 -0.769864 0.638208
0.2692 0.439154 -0.778179 0.628043
0.283143 0.455007 -0.778505 0.627639
0.298471 0.475738 -0.769397 0.638771
0.311784 0.490905 -0.774542 0.632522
0.326397 0.509525 -0.776515 0.630099
0.340895 0.526592 -0.780932 0.624616
0.357226 0.547669 -0.778589 0.627534
0.373768 0.567708 -0.78159 0.623792
0.391184 0.589842 -0.781343 0.624102
0.410331 0.613496 -0.780083 0.625677
0.429984 0.638431 -0.775189 0.63173
0.445915 0.657951 -0.777847 0.628453
0.462265 0.678044 -0.761435 0.648241
0.476219 0.695439 -0.762139 0.647413
0.490061 0.710768 -0.0161784 0.999869
0.501631 0.725255 0.756346 0.654172
0.513221 0.71167 0.756718 0.653742
0.529078 0.693587 0.750837 0.660488
0.543746 0.676352 0.742787 0.669528
0.559528 0.658992 0.750318 0.661077
0.575579 0.641032 0.760465 0.649379
0.591076 0.62319 0.753447 0.657508
0.609047 0.601783 0.758866 0.651247
0.624957 0.584241 0.7633 0.646044
0.642657 0.562433 0.742777 0.669539
0.663461 0.538856 0.772161 0.635426
0.681124 0.519674 0.777271 0.629165
0.693271 0.503116 0.73042 0.682999
0.712847 0.481154 0.746541 0.665339
0.728738 0.464952 0.756385 0.654126
0.741533 0.449135 0.741655 0.670781
0.758762 0.430487 0.751269 0.659996
0.776773 0.410144 0.75988 0.650063
0.795135 0.389079 0.764804 0.644263
0.813728 0.366932 0.754722 0.656045
0.831271 0.346178 0.754084 0.656778
0.850063 0.325154 0.758339 0.651861
0.87163 0.299738 0.754045 0.656823
0.888615 0.280231 0.999992 -0.00410627
0.9 0.267167 0.732881 -0.680357
0.885304 0.250579 0.724411 -0.689368
0.868083 0.232872 0.729295 -0.684199
0.846938 0.210163 0.728192 -0.685373
0.82438 0.186298 0.730904 -0.682481
0.801553 0.16194 0.729442 -0.684043
0.785144 0.144303 0.734004 -0.679146
0.7695 0.127753 0.394842 -0.918749
0.759715 0.116949 -0.00600798 -0.999982
0.740817 0.117385 0.0101733 -0.999948
0.717346 0.117126 0.00488436 -0.999988
0.69419 0.11691 0.00512515 -0.999987
0.668464 0.116898 -0.00309266 -0.999995
0.639708 0.116617 0.000890898 -1
0.609676 0.117097 0.00967565 -0.999953
0.579195 0.116555 -0.00375181 -0.999993
0.545881 0.116502 0.0030773 -0.999995
0.292289 0.166838 -0.00216083 0.999998
0.311708 0.166904 -0.00873996 0.999962
0.332009 0.166923 -0.00827043 0.999966
0.345708 0.167149 -0.968899 0.247457
0.353969 0.167149 -0.489433 -0.872041
0.342647 0.173336 -0.529648 -0.848217
0.329197 0.181086 -0.592258 -0.805749
0.316241 0.18983 -0.623159 -0.782095
0.301791 0.201374 -0.683985 -0.729496
0.28788 0.212428 -0.792551 -0.609805
0.275596 0.225995 -0.850835 -0.525433
0.266657 0.239764 -0.894804 -0.446458
0.259134 0.252586 -0.952728 -0.303823
0.252268 0.269055 -0.989814 -0.142366
0.248226 0.286926 -0.999996 0.00296491
0.247168 0.303621 -0.986805 0.161911
0.248431 0.321841 -0.464743 -0.885446
0.252576 0.337672 0.760906 -0.648862
0.243142 0.326711 0.769154 -0.639064
0.230954 0.312286 0.772409 -0.635125
0.218576 0.297135 0.741099 -0.671396
0.2059 0.281818 0.999863 -0.0165424
0.194818 0.270635 0.729219 0.684281
0.204231 0.260485 0.723732 0.690082
0.216253 0.247823 0.716996 0.697077
0.228802 0.234717 0.742944 0.669354
0.245347 0.217956 0.733434 0.679761
0.260716 0.19925 0.721113 0.692818
0.279772 0.181003 0.409455 0.91233
0.282802 0.387234 -0.482487 0.875903
0.293135 0.395437 -0.368148 0.929767
0.306235 0.400011 -0.336321 0.941747
0.316527 0.404583 -0.188835 0.982009
0.336089 0.409955 -0.133058 0.991108
0.352473 0.411797 -0.128083 0.991764
0.368606 0.414317 -0.0791118 0.996866
0.392143 0.416725 -0.0315624 0.999502
0.418047 0.418188 -0.0279748 0.999609
0.438408 0.418324 -0.0414156 0.999142
0.464792 0.419625 -0.0176957 0.999843
0.487387 0.420385 -0.0224575 0.999748
0.510377 0.420426 -0.0415177 0.999138
0.537553 0.421598 -0.0658617 0.997829
0.561962 0.422574 -0.120732 0.992685
0.587973 0.424971 -0.20713 0.978313
0.610958 0.428448 -0.324291 0.945957
0.63027 0.433733 -0.530223 0.847858
0.64207 0.43863 -0.804222 0.594329
0.651334 0.446827 -0.987655 0.156643
0.655286 0.455527 -0.935088 -0.354417
0.654283 0.464463 -0.703164 -0.711027
0.647874 0.473579 -0.542866 -0.839819
0.638582 0.479958 -0.483863 -0.875144
0.628791 0.485908 -0.359396 -0.933185
0.615637 0.492492 -0.228791 -0.973476
0.598829 0.497165 -0.171709 -0.985148
0.581019 0.5006 -0.0948042 -0.995496
0.560888 0.503737 0.0469838 -0.998896
0.538302 0.504535 0.231207 -0.972905
0.520845 0.502265 0.675102 -0.737725
0.510595 0.49867 0.855284 -0.51816
0.506905 0.490536 0.685016 -0.728528
0.500234 0.482002 0.536724 -0.843758
0.49211 0.476421 0.458122 -0.888889
0.483551 0.471393 0.378985 -0.925403
0.469907 0.46529 0.290406 -0.956904
0.455914 0.460074 0.190636 -0.981661
0.440918 0.456523 0.0652368 -0.99787
0.421152 0.453513 -0.129839 -0.991535
0.399149 0.453966 -0.422513 -0.906357
0.378524 0.45901 -0.693108 -0.720833
0.368179 0.466593 -0.886732 -0.462283
0.364684 0.470989 -0.239397 -0.970922
0.36224 0.479196 0.766275 -0.642513
0.350423 0.467078 0.79004 -0.613056
0.341585 0.454769 0.759149 -0.650917
0.329232 0.440017 0.751066 -0.660227
0.314336 0.423049 0.735573 -0.677446
0.302028 0.409066 0.749591 -0.661902
0.292244 0.398911 0.710253 0.703947
0.412608 0.537326 -0.236524 0.971626
0.432575 0.542551 -0.21518 0.976575
0.459717 0.548666 -0.123308 0.992368
0.483057 0.553694 -0.0363283 0.99934
0.505064 0.554466 0.0355983 0.999366
0.531361 0.555455 0.142874 0.989741
0.553763 0.553008 0.233423 0.972375
0.574568 0.549267 0.302909 0.953019
0.593044 0.543687 -0.829034 0.559199
0.603673 0.540139 -0.727813 -0.685776
0.594377 0.551038 -0.717852 -0.696196
0.58204 0.562897 -0.737708 -0.67512
0.570155 0.576044 -0.742633 -0.669699
0.553311 0.594225 -0.7283 -0.685258
0.538818 0.610738 -0.712901 -0.701264
0.524185 0.62525 -0.754576 -0.656213
0.513176 0.636722 -0.0269928 -0.999636
0.505727 0.646187 0.767885 -0.640587
0.492968 0.631663 0.762757 -0.646685
0.477794 0.6125 0.749389 -0.66213
0.458949 0.591725 0.767302 -0.641286
0.439367 0.56897 0.763378 -0.645952
0.426099 0.552621 0.85148 0.524387
0.606572 0.166647 -0.00204351 0.999998
0.622003 0.166307 -0.0197356 0.999805
0.640343 0.166787 -0.0105683 0.999944
0.653877 0.166967 0.00540611 0.999985
0.66438 0.167049 -0.806481 0.59126
0.670708 0.166931 -0.962545 -0.271121
0.668471 0.173589 -0.965315 -0.261087
0.666486 0.182263 -0.962282 -0.272054
0.662868 0.19382 -0.971229 -0.238148
0.659977 0.205251 -0.196673 -0.980469
0.657277 0.21662 0.903211 -0.429198
0.653729 0.211745 0.929452 -0.368944
0.652098 0.205568 0.832326 -0.554286
0.648301 0.198579 0.724581 -0.689189
0.640044 0.188312 0.623319 -0.781968
0.633374 0.182374 0.534906 -0.844912
0.625891 0.177048 0.468293 -0.883573
0.61793 0.172592 0.465408 -0.885096
0.61165 0.169445 0.971147 0.238483
0.626353 0.278582 -0.0435737 0.99905
0.635447 0.279452 0.010627 0.999944
0.658004 0.279267 0.0221807 0.999754
0.673913 0.27906 0.0172506 0.999851
0.691397 0.278512 -0.0238113 0.999716
0.711915 0.278447 0.0296625 0.99956
0.729881 0.27936 0.025444 0.999676
0.740697 0.278164 0.697885 0.716209
0.75161 0.278812 1 0.000105966
0.750861 0.256365 0.999606 0.028073
0.751495 0.237461 0.999485 0.0320851
0.751934 0.218038 0.999253 0.0386577
0.752625 0.201444 0.374652 0.927166
0.753314 0.182167 -0.717649 0.696405
0.761438 0.189997 -0.746734 0.665123
0.773664 0.203468 -0.732457 0.680813
0.785607 0.217131 -0.717592 0.696464
0.798589 0.23027 -0.718288 0.695746
0.81177 0.244095 -0.713887 0.700261
0.822645 0.255147 -0.712395 0.701779
0.829365 0.26202 -0.998389 0.0567472
0.837009 0.269721 -0.77661 -0.629981
0.827257 0.282079 -0.762724 -0.646724
0.813143 0.299008 -0.742253 -0.670119
0.798027 0.316538 -0.75458 -0.656209
0.786573 0.328658 -0.767363 -0.641213
0.77425 0.344071 -0.758164 -0.652064
0.763841 0.355994 -0.769326 -0.638856
0.752411 0.369485 -0.775172 -0.631751
0.744082 0.379719 0.238557 -0.971128
0.736735 0.388722 0.956829 -0.29065
0.734659 0.378623 0.855442 -0.517898
0.728914 0.364531 0.704746 -0.709459
0.71935 0.353214 0.607341 -0.794441
0.705889 0.34199 0.464741 -0.885447
0.692303 0.332487 0.30314 -0.952946
0.670855 0.324505 0.234412 -0.972137
0.65224 0.319559 0.180196 -0.983631
0.62889 0.314496 0.11612 -0.993235
0.603209 0.310645 0.0608912 -0.998144
0.578118 0.308534 0.0308445 -0.999524
0.551855 0.307538 0.0343399 -0.99941
0.524212 0.306881 0.0361448 -0.999347
0.495192 0.305576 0.049693 -0.998765
0.467195 0.304809 0.101838 -0.994801
0.437522 0.302668 0.197142 -0.980375
0.416292 0.299849 0.341315 -0.939949
0.396045 0.294357 0.552127 -0.83376
0.379852 0.286896 0.77163 -0.636071
0.37 0.277935 0.931776 -0.363034
0.363158 0.266677 0.999393 0.0348314
0.360532 0.253515 0.910052 0.414493
0.364393 0.239379 0.758378 0.651815
0.371268 0.229069 0.59241 0.805637
0.385701 0.215917 0.443226 0.89641
0.404352 0.205011 0.321715 0.946837
0.420842 0.198247 0.212552 0.97715
0.442653 0.192309 0.104585 0.994516
0.469072 0.187976 -0.0117991 0.99993
0.500012 0.186521 -0.0767754 0.997048
0.517317 0.187745 -0.128136 0.991757
0.538684 0.189525 -0.274253 0.961658
0.55945 0.193172 -0.418903 0.908031
0.579193 0.201098 -0.526604 0.850111
0.589421 0.206458 -0.724275 0.689511
0.605402 0.218025 -0.859853 0.510542
0.612694 0.22922 -0.932453 0.361292
0.620204 0.243156 -0.98245 0.186527
0.623999 0.258335 -0.993521 0.113645
0.625473 0.269584 -0.706341 0.707872
