66
0.385479 0.247566 -0.85418 -0.519977
0.28426 0.339571 -0.385297 -0.922793
0.267221 0.403469 0.326985 -0.94503
0.220547 0.376799 -0.417684 -0.908592
0.160538 0.367908 -0.985598 -0.169108
0.122755 0.427917 -0.803966 0.594676
0.138312 0.496816 -0.332583 0.943074
0.213671 0.539878 -0.0499183 0.998753
0.291668 0.55238 -0.181142 0.983457
0.345705 0.549185 -0.53902 0.842293
0.391765 0.56994 -0.973655 0.228026
0.435548 0.60797 -0.967032 -0.254653
0.422402 0.639457 -0.916413 0.400233
0.407241 0.765745 -0.358066 0.933696
0.431551 0.783387 0.00430755 0.999991
0.514896 0.792138 0.396966 0.917834
0.591852 0.783387 0.932512 0.361139
0.615939 0.762967 0.96656 -0.25644
0.599176 0.633364 0.976123 0.217218
0.589178 0.609045 0.542881 0.839809
0.633942 0.567939 0.158412 0.987373
0.680615 0.547935 0.0296336 0.999561
0.731734 0.55238 0.326484 0.945203
0.807301 0.541267 0.795055 0.606538
0.88266 0.498205 0.990096 -0.140392
0.9 0.430788 0.430571 -0.902556
0.862865 0.367908 -0.326985 -0.94503
0.802856 0.376799 0.385297 -0.922793
0.756182 0.403469 0.854199 -0.519946
0.738402 0.336792 0.415927 -0.909398
0.64061 0.24789 -2.25139e-07 -1
0.511701 0.232333 -0.415894 -0.909413
0.410231 0.362263 -0.718273 0.695761
0.434678 0.373376 -0.999873 -0.0159183
0.445791 0.400047 -0.707107 -0.707107
0.434678 0.424495 -0.0159237 -0.999873
0.410231 0.435608 0.723195 -0.690644
0.383559 0.424495 0.999909 -0.0135096
0.37467 0.400047 0.732459 0.680811
0.383559 0.373376 -0.0159237 0.999873
0.509319 0.520806 0.400418 0.916333
0.521358 0.504507 -0.658057 0.752968
0.541361 0.506729 -0.974822 -0.222986
0.548029 0.5334 -0.620866 -0.783917
0.536916 0.546735 0 -1
0.510245 0.56007 0.620866 -0.783917
0.483575 0.546735 0.974822 -0.222986
0.472462 0.5334 0.658058 0.752968
0.47913 0.506729 -0.435656 0.900113
0.499132 0.504507 -0.0387848 0.999248
0.574699 0.400047 0.718273 0.695761
0.585812 0.373376 0.0159238 0.999873
0.61026 0.362263 -0.732459 0.680811
0.636931 0.373376 -0.999909 -0.0135096
0.645821 0.400047 -0.723195 -0.690644
0.636931 0.424495 0.0159238 -0.999873
0.61026 0.435608 0.707107 -0.707107
0.585812 0.424495 0.999873 -0.0159184
0.510944 0.686782 -0.5224 0.852701
0.54206 0.673447 -0.921915 -0.387391
0.544283 0.706785 -0.346946 -0.937885
0.528724 0.720121 0.346958 -0.937881
0.493164 0.720121 0.92192 -0.38738
0.477606 0.706785 0.5224 0.852701
0.479829 0.673447 -0.979577 -0.20107
0.510944 0.686782 0.979577 -0.20107
