36
0.511707 0.232136 -0.427852 -0.903849
0.383016 0.247667 -0.670074 -0.742294
0.329764 0.298701 -0.845417 -0.534106
0.285387 0.336421 -0.385297 -0.922793
0.267637 0.402985 0.326985 -0.94503
0.221042 0.376359 -0.417684 -0.908592
0.161134 0.367484 -0.985598 -0.169108
0.123414 0.427392 -0.803966 0.594676
0.138945 0.496175 -0.326484 0.945203
0.216604 0.540552 -0.0296336 0.999561
0.292044 0.551646 -0.158412 0.987373
0.343077 0.547208 -0.531228 0.847229
0.389672 0.567178 -0.975928 0.218094
0.435682 0.607142 -0.960188 -0.279354
0.422954 0.635961 -0.993384 -0.114844
0.41186 0.709182 -0.853523 0.521056
0.407423 0.764652 -0.238445 0.971156
0.460674 0.78684 0 1
0.511707 0.791278 0.238445 0.971156
0.56274 0.78684 0.853523 0.521056
0.615991 0.764652 0.993384 -0.114844
0.611554 0.709182 0.963716 -0.266929
0.60046 0.635961 0.976123 0.217218
0.589053 0.608215 0.542881 0.839809
0.633742 0.567178 0.158412 0.987373
0.680337 0.547208 0.0296336 0.999561
0.73137 0.551646 0.326484 0.945203
0.80681 0.540552 0.803966 0.594676
0.884469 0.496175 0.985598 -0.169108
0.9 0.427392 0.417684 -0.908592
0.86228 0.367484 -0.326985 -0.94503
0.802372 0.376359 0.385297 -0.922793
0.755777 0.402985 0.845417 -0.534106
0.738027 0.336421 0.670077 -0.742292
0.69365 0.298701 0.427855 -0.903847
0.640399 0.247667 -3.30204e-07 -1
