720
0.4109 0.36239 -0.413814 0.910361
0.412931 0.363314 -0.413817 0.91036
0.416995 0.365161 -0.413817 0.91036
0.421059 0.367008 -0.413817 0.91036
0.425123 0.368855 -0.413817 0.91036
0.429186 0.370703 -0.413814 0.910361
0.43325 0.37255 -0.718273 0.695762
0.435282 0.373473 -0.923073 0.384625
0.436205 0.37569 -0.923072 0.384627
0.438053 0.380123 -0.923072 0.384627
0.4399 0.384556 -0.923072 0.384627
0.441747 0.388989 -0.923072 0.384627
0.443594 0.393422 -0.923073 0.384625
0.445441 0.397856 -0.999873 -0.0159178
0.446365 0.400072 -0.910361 -0.413814
0.445441 0.402104 -0.91036 -0.413817
0.443594 0.406168 -0.91036 -0.413817
0.441747 0.410231 -0.91036 -0.413817
0.4399 0.414295 -0.91036 -0.413817
0.438053 0.418359 -0.910361 -0.413814
0.436205 0.422422 -0.707107 -0.707107
0.435282 0.424454 -0.413814 -0.910361
0.43325 0.425378 -0.413817 -0.91036
0.429186 0.427225 -0.413817 -0.91036
0.425123 0.429072 -0.413817 -0.91036
0.421059 0.43092 -0.413817 -0.91036
0.416995 0.432767 -0.413814 -0.910361
0.412931 0.434614 -0.0159237 -0.999873
0.4109 0.435538 0.384615 -0.923077
0.408683 0.434614 0.384618 -0.923076
0.40425 0.432767 0.384618 -0.923076
0.399816 0.43092 0.384618 -0.923076
0.395383 0.429072 0.384618 -0.923076
0.39095 0.427225 0.384615 -0.923077
0.386517 0.425378 0.723195 -0.690644
0.3843 0.424454 0.939801 -0.341723
0.383561 0.422422 0.939801 -0.341723
0.382084 0.418359 0.9398 -0.341726
0.380606 0.414295 0.9398 -0.341726
0.379128 0.410231 0.939801 -0.341723
0.377651 0.406168 0.939801 -0.341723
0.376173 0.402104 0.999909 -0.0135091
0.375434 0.400072 0.94869 0.316208
0.376173 0.397856 0.94869 0.316207
0.377651 0.393422 0.948689 0.31621
0.379128 0.388989 0.948689 0.31621
0.380606 0.384556 0.94869 0.316207
0.382084 0.380123 0.94869 0.316208
0.383561 0.37569 0.732459 0.680811
0.3843 0.373473 0.384615 0.923077
0.386517 0.37255 0.384618 0.923076
0.39095 0.370703 0.384618 0.923076
0.395383 0.368855 0.384618 0.923076
0.399816 0.367008 0.384617 0.923076
0.40425 0.365161 0.384616 0.923077
0.4109 0.36239 -0.413812 0.910362
0.610392 0.36239 -0.384614 0.923078
0.612609 0.363314 -0.384618 0.923076
0.617042 0.365161 -0.384618 0.923076
0.621475 0.367008 -0.384618 0.923076
0.625909 0.368855 -0.384618 0.923076
0.630342 0.370703 -0.384614 0.923078
0.634775 0.37255 -0.732458 0.680812
0.636992 0.373473 -0.94869 0.316208
0.637731 0.37569 -0.94869 0.316207
0.639208 0.380123 -0.94869 0.316207
0.640686 0.384556 -0.94869 0.316207
0.642163 0.388989 -0.94869 0.316207
0.643641 0.393422 -0.94869 0.316208
0.645119 0.397856 -0.999909 -0.0135091
0.645857 0.400072 -0.939801 -0.341723
0.645119 0.402104 -0.939801 -0.341723
0.643641 0.406168 -0.939801 -0.341723
0.642163 0.410231 -0.939801 -0.341723
0.640686 0.414295 -0.939801 -0.341723
0.639208 0.418359 -0.939801 -0.341723
0.637731 0.422422 -0.723194 -0.690645
0.636992 0.424454 -0.384614 -0.923078
0.634775 0.425378 -0.384618 -0.923076
0.630342 0.427225 -0.384618 -0.923076
0.625909 0.429072 -0.384618 -0.923076
0.621475 0.43092 -0.384618 -0.923076
0.617042 0.432767 -0.384614 -0.923078
0.612609 0.434614 0.0159257 -0.999873
0.610392 0.435538 0.413814 -0.910361
0.60836 0.434614 0.413817 -0.91036
0.604297 0.432767 0.413817 -0.91036
0.600233 0.43092 0.413817 -0.91036
0.596169 0.429072 0.413817 -0.91036
0.592105 0.427225 0.413814 -0.910361
0.588042 0.425378 0.707103 -0.70711
0.58601 0.424454 0.91036 -0.413817
0.585086 0.422422 0.910362 -0.413812
0.583239 0.418359 0.910362 -0.413812
0.581392 0.414295 0.910362 -0.413812
0.579545 0.410231 0.910362 -0.413812
0.577698 0.406168 0.91036 -0.413817
0.57585 0.402104 0.999873 -0.0159181
0.574927 0.400072 0.923072 0.384628
0.57585 0.397856 0.923074 0.384622
0.577698 0.393422 0.923074 0.384622
0.579545 0.388989 0.923074 0.384622
0.581392 0.384556 0.923074 0.384622
0.583239 0.380123 0.923072 0.384628
0.585086 0.37569 0.718269 0.695765
0.58601 0.373473 0.413814 0.910361
0.588042 0.37255 0.413817 0.91036
0.592105 0.370703 0.413817 0.91036
0.596169 0.368855 0.413817 0.91036
0.600233 0.367008 0.413817 0.91036
0.604297 0.365161 0.413814 0.910361
0.60836 0.363314 0.0159257 0.999873
0.510646 0.521985 0.848 0.529996
0.511569 0.520507 0.848 0.529996
0.513417 0.517551 0.848 0.529996
0.515264 0.514596 0.848 0.529996
0.517111 0.51164 0.848 0.529996
0.518958 0.508685 0.847997 0.530001
0.520805 0.505729 0.435655 0.900114
0.521729 0.504252 -0.110435 0.993883
0.523391 0.504436 -0.110439 0.993883
0.526716 0.504806 -0.110439 0.993883
0.530041 0.505175 -0.110439 0.993883
0.533366 0.505545 -0.110439 0.993883
0.536691 0.505914 -0.110435 0.993883
0.540016 0.506284 -0.658059 0.752967
0.541678 0.506468 -0.970141 0.242542
0.542094 0.508131 -0.970139 0.242548
0.542925 0.511456 -0.970141 0.242542
0.543756 0.51478 -0.970141 0.242542
0.544587 0.518105 -0.970139 0.242549
0.545419 0.52143 -0.970141 0.242542
0.54625 0.524755 -0.970141 0.242542
0.547081 0.52808 -0.970141 0.242542
0.547912 0.531405 -0.97482 -0.222991
0.548328 0.533067 -0.768223 -0.640183
0.547404 0.534175 -0.768227 -0.640178
0.545557 0.536392 -0.768227 -0.640178
0.54371 0.538609 -0.768227 -0.640178
0.541863 0.540825 -0.768227 -0.640178
0.540016 0.543042 -0.768223 -0.640183
0.538168 0.545259 -0.620869 -0.783914
0.537245 0.546367 -0.447207 -0.894431
0.535915 0.547032 -0.4472 -0.894434
0.533255 0.548362 -0.4472 -0.894434
0.530595 0.549692 -0.4472 -0.894434
0.527935 0.551022 -0.4472 -0.894434
0.525275 0.552352 -0.4472 -0.894434
0.522615 0.553681 -0.4472 -0.894434
0.519956 0.555011 -0.4472 -0.894434
0.517296 0.556341 -0.4472 -0.894434
0.514636 0.557671 -0.447207 -0.894431
0.511976 0.559001 0 -1
0.510646 0.559666 0.447207 -0.894431
0.509316 0.559001 0.4472 -0.894434
0.506656 0.557671 0.4472 -0.894434
0.503996 0.556341 0.4472 -0.894434
0.501337 0.555011 0.4472 -0.894434
0.498677 0.553681 0.4472 -0.894434
0.496017 0.552352 0.4472 -0.894434
0.493357 0.551022 0.4472 -0.894434
0.490697 0.549692 0.4472 -0.894434
0.488037 0.548362 0.447207 -0.894431
0.485377 0.547032 0.62087 -0.783914
0.484047 0.546367 0.768221 -0.640185
0.481277 0.543042 0.768223 -0.640183
0.479429 0.540825 0.768223 -0.640183
0.477582 0.538609 0.768221 -0.640185
0.475735 0.536392 0.974821 -0.222991
0.472964 0.533067 0.970142 0.242539
0.47338 0.531405 0.970141 0.242542
0.474211 0.52808 0.970141 0.242542
0.475042 0.524755 0.970141 0.242542
0.475873 0.52143 0.970141 0.242542
0.476705 0.518105 0.970141 0.242542
0.477536 0.514781 0.970141 0.242542
0.478367 0.511456 0.97014 0.242546
0.479198 0.508131 0.658053 0.752971
0.479614 0.506468 0.110436 0.993883
0.481276 0.506284 0.11044 0.993883
0.484601 0.505914 0.11044 0.993883
0.487926 0.505545 0.11044 0.993883
0.491251 0.505175 0.11044 0.993883
0.494576 0.504806 0.110436 0.993883
0.4979 0.504436 -0.43566 0.900111
0.499563 0.504252 -0.847998 0.529999
0.500486 0.505729 -0.847997 0.530001
0.502334 0.508685 -0.847997 0.530001
0.504181 0.51164 -0.847997 0.530001
0.506028 0.514596 -0.847997 0.530001
0.507875 0.517551 -0.848028 0.529951
0.509723 0.520507 -5.68549e-05 1
0.509094 0.685347 2.88573e-06 1
0.510646 0.686012 0.393923 0.919143
0.512197 0.685347 0.393926 0.919142
0.515301 0.684017 0.393926 0.919142
0.518404 0.682687 0.393926 0.919142
0.521507 0.681357 0.393926 0.919142
0.52461 0.680027 0.393926 0.919142
0.527714 0.678697 0.393926 0.919142
0.530817 0.677367 0.393926 0.919142
0.53392 0.676037 0.393926 0.919142
0.537023 0.674707 0.393923 0.919143
0.540127 0.673377 -0.522404 0.852698
0.541678 0.672712 -0.997785 0.0665185
0.541789 0.674374 -0.997785 0.066518
0.542011 0.677699 -0.997785 0.066518
0.542232 0.681024 -0.997785 0.066518
0.542454 0.684349 -0.997785 0.066518
0.542676 0.687674 -0.997785 0.066518
0.542897 0.690999 -0.997785 0.066518
0.543119 0.694324 -0.997785 0.066518
0.543341 0.697649 -0.997785 0.066518
0.543562 0.700974 -0.997785 0.0665185
0.543784 0.704298 -0.921916 -0.38739
0.543895 0.705961 -0.650794 -0.759255
0.542602 0.707069 -0.650794 -0.759255
0.540016 0.709286 -0.650794 -0.759255
0.53743 0.711502 -0.650794 -0.759255
0.534843 0.713719 -0.650794 -0.759255
0.532257 0.715936 -0.650794 -0.759255
0.529671 0.718152 -0.404555 -0.914514
0.528378 0.719261 -0.124036 -0.992278
0.5269 0.719445 -0.124037 -0.992278
0.523945 0.719815 -0.124037 -0.992278
0.52099 0.720184 -0.124037 -0.992278
0.518034 0.720554 -0.124037 -0.992278
0.515079 0.720923 -0.124037 -0.992278
0.512124 0.721293 -3.06349e-06 -1
0.510646 0.721477 0.124031 -0.992278
0.506213 0.720923 0.124031 -0.992278
0.503257 0.720554 0.124031 -0.992278
0.500302 0.720184 0.124031 -0.992278
0.497346 0.719815 0.124031 -0.992278
0.494391 0.719445 0.404566 -0.914509
0.492913 0.719261 0.650815 -0.759236
0.49162 0.718152 0.650815 -0.759236
0.489034 0.715936 0.650815 -0.759236
0.486448 0.713719 0.650815 -0.759236
0.483862 0.711502 0.650815 -0.759236
0.481276 0.709286 0.650815 -0.759236
0.47869 0.707069 0.921921 -0.387378
0.477397 0.705961 0.997785 0.0665185
0.477508 0.704298 0.997785 0.066518
0.47773 0.700974 0.997785 0.066518
0.477951 0.697649 0.997785 0.066518
0.478173 0.694324 0.997785 0.066518
0.478395 0.690999 0.997785 0.066518
0.478616 0.687674 0.997785 0.066518
0.478838 0.684349 0.997785 0.066518
0.47906 0.681024 0.997785 0.066518
0.479281 0.677699 0.997785 0.0665185
0.479503 0.674374 0.522407 0.852696
0.479614 0.672712 -0.393921 0.919144
0.481165 0.673377 -0.393929 0.919141
0.484269 0.674707 -0.393929 0.919141
0.487372 0.676037 -0.393929 0.919141
0.490475 0.677367 -0.393929 0.919141
0.493578 0.678697 -0.393929 0.919141
0.496682 0.680027 -0.393929 0.919141
0.499785 0.681357 -0.393929 0.919141
0.502888 0.682687 -0.393934 0.919139
0.505991 0.684017 -0.393927 0.919142
0.514776 0.233131 -5.47839e-07 -1
0.512098 0.232808 -0.119816 -0.992796
0.50942 0.233131 -0.119817 -0.992796
0.504063 0.233778 -0.119817 -0.992796
0.498706 0.234424 -0.119817 -0.992796
0.493349 0.235071 -0.119817 -0.992796
0.487993 0.235717 -0.119817 -0.992796
0.482636 0.236364 -0.119817 -0.992796
0.477279 0.23701 -0.119817 -0.992796
0.471922 0.237657 -0.119817 -0.992796
0.466566 0.238303 -0.119817 -0.992796
0.461209 0.23895 -0.119817 -0.992796
0.455852 0.239596 -0.119817 -0.992796
0.450495 0.240243 -0.119817 -0.992796
0.445139 0.240889 -0.119817 -0.992796
0.439782 0.241536 -0.119817 -0.992796
0.434425 0.242182 -0.119817 -0.992796
0.429068 0.242829 -0.119817 -0.992796
0.423712 0.243475 -0.119817 -0.992796
0.418355 0.244122 -0.119817 -0.992796
0.412998 0.244768 -0.119817 -0.992796
0.407642 0.245415 -0.119817 -0.992796
0.402285 0.246061 -0.119817 -0.992796
0.396928 0.246708 -0.119817 -0.992796
0.391571 0.247354 -0.119816 -0.992796
0.386215 0.248001 -0.427851 -0.903849
0.383536 0.248324 -0.691905 -0.721989
0.381636 0.250145 -0.691905 -0.721989
0.377836 0.253786 -0.691905 -0.721989
0.374037 0.257428 -0.691905 -0.721989
0.370237 0.261069 -0.691905 -0.721989
0.366437 0.264711 -0.691905 -0.721989
0.362637 0.268352 -0.691905 -0.721989
0.358837 0.271994 -0.691905 -0.721989
0.355037 0.275636 -0.691905 -0.721989
0.351237 0.279277 -0.691905 -0.721989
0.347437 0.282919 -0.691905 -0.721989
0.343637 0.28656 -0.691905 -0.721989
0.339838 0.290202 -0.691905 -0.721989
0.336038 0.293843 -0.691905 -0.721989
0.332238 0.297485 -0.670075 -0.742294
0.330338 0.299306 -0.647648 -0.76194
0.328121 0.30119 -0.647646 -0.761941
0.323688 0.304958 -0.647646 -0.761941
0.319255 0.308726 -0.647647 -0.76194
0.314822 0.312494 -0.647647 -0.76194
0.310388 0.316263 -0.647647 -0.76194
0.305955 0.320031 -0.647647 -0.76194
0.301522 0.323799 -0.647647 -0.76194
0.297089 0.327567 -0.647647 -0.76194
0.292656 0.331335 -0.647647 -0.76194
0.288222 0.335104 -0.845417 -0.534106
0.286006 0.336988 -0.966237 -0.257657
0.285267 0.339758 -0.966236 -0.257658
0.283789 0.3453 -0.966236 -0.257659
0.282312 0.350841 -0.966236 -0.257659
0.280834 0.356383 -0.966236 -0.257658
0.279356 0.361924 -0.966236 -0.257658
0.277879 0.367466 -0.966236 -0.257659
0.276401 0.373007 -0.966236 -0.257658
0.274923 0.378548 -0.966236 -0.257658
0.273445 0.38409 -0.966236 -0.257659
0.271968 0.389631 -0.966236 -0.257658
0.27049 0.395173 -0.966237 -0.257657
0.269012 0.400714 -0.327211 -0.944951
0.268274 0.403485 0.6 -0.8
0.266057 0.401823 0.6 -0.8
0.261624 0.398498 0.535582 -0.844483
0.259407 0.396835 0.467883 -0.88379
0.257052 0.395588 0.467881 -0.883791
0.252342 0.393095 0.467881 -0.883791
0.247631 0.390601 0.467881 -0.883791
0.242921 0.388107 0.467881 -0.883791
0.238211 0.385614 0.467881 -0.883791
0.233501 0.38312 0.467881 -0.883791
0.22879 0.380627 0.467883 -0.88379
0.22408 0.378133 0.311708 -0.950178
0.221725 0.376886 0.146554 -0.989203
0.218733 0.376443 0.146552 -0.989203
0.212748 0.375556 0.146552 -0.989203
0.206763 0.374669 0.146552 -0.989203
0.200778 0.373783 0.146552 -0.989203
0.194794 0.372896 0.146552 -0.989203
0.188809 0.37201 0.146552 -0.989203
0.182824 0.371123 0.146552 -0.989203
0.176839 0.370236 0.146552 -0.989203
0.170855 0.36935 0.146554 -0.989203
0.16487 0.368463 -0.417683 -0.908593
0.161877 0.36802 -0.846232 -0.532815
0.160307 0.370513 -0.846231 -0.532817
0.157167 0.375501 -0.846231 -0.532815
0.154027 0.380488 -0.846232 -0.532815
0.150887 0.385475 -0.846231 -0.532816
0.147747 0.390462 -0.846232 -0.532815
0.144607 0.39545 -0.846232 -0.532815
0.141466 0.400437 -0.846231 -0.532816
0.138326 0.405424 -0.846232 -0.532815
0.135186 0.410412 -0.846232 -0.532815
0.132046 0.415399 -0.846231 -0.532816
0.128906 0.420386 -0.846232 -0.532815
0.125766 0.425373 -0.985598 -0.169107
0.124195 0.427867 -0.975442 0.220255
0.124842 0.43073 -0.975442 0.220255
0.126135 0.436456 -0.975442 0.220255
0.127428 0.442183 -0.975442 0.220255
0.128721 0.447909 -0.975442 0.220256
0.130014 0.453635 -0.975442 0.220255
0.131307 0.459361 -0.975442 0.220255
0.1326 0.465087 -0.975442 0.220256
0.133893 0.470813 -0.975442 0.220255
0.135186 0.47654 -0.975442 0.220255
0.136479 0.482266 -0.975442 0.220256
0.137772 0.487992 -0.975442 0.220255
0.139065 0.493718 -0.803966 0.594676
0.139711 0.496581 -0.496141 0.868242
0.142136 0.497967 -0.496141 0.868242
0.146984 0.500737 -0.49614 0.868242
0.151833 0.503508 -0.496141 0.868242
0.156682 0.506279 -0.496141 0.868242
0.161531 0.50905 -0.496139 0.868243
0.166379 0.51182 -0.496139 0.868243
0.171228 0.514591 -0.496141 0.868242
0.176077 0.517362 -0.49614 0.868242
0.180926 0.520133 -0.496141 0.868242
0.185775 0.522903 -0.496141 0.868242
0.190623 0.525674 -0.496141 0.868242
0.195472 0.528445 -0.496141 0.868242
0.200321 0.531216 -0.496141 0.868242
0.20517 0.533986 -0.496141 0.868242
0.210019 0.536757 -0.496138 0.868244
0.214867 0.539528 -0.326478 0.945205
0.217292 0.540913 -0.145494 0.989359
0.219983 0.541309 -0.145498 0.989358
0.225366 0.542101 -0.145498 0.989358
0.23075 0.542892 -0.145499 0.989358
0.236133 0.543684 -0.145498 0.989358
0.241516 0.544476 -0.145498 0.989358
0.246899 0.545267 -0.145499 0.989358
0.252282 0.546059 -0.145499 0.989358
0.257665 0.546851 -0.145498 0.989358
0.263048 0.547642 -0.145498 0.989358
0.268432 0.548434 -0.145499 0.989358
0.273815 0.549226 -0.145498 0.989358
0.279198 0.550017 -0.145498 0.989358
0.284581 0.550809 -0.145494 0.989359
0.289964 0.551601 -0.0296313 0.999561
0.292656 0.551996 0.086628 0.996241
0.295842 0.551719 0.086628 0.996241
0.302215 0.551165 0.086628 0.996241
0.308588 0.550611 0.086628 0.996241
0.31496 0.550057 0.086628 0.996241
0.321333 0.549503 0.086628 0.996241
0.327706 0.548949 0.086628 0.996241
0.334079 0.548395 0.0866281 0.996241
0.340451 0.54784 -0.158414 0.987373
0.343638 0.547563 -0.393932 0.919139
0.346547 0.54881 -0.393932 0.919139
0.352365 0.551304 -0.393932 0.919139
0.358184 0.553798 -0.393932 0.919139
0.364002 0.556291 -0.393932 0.919139
0.369821 0.558785 -0.393932 0.919139
0.375639 0.561279 -0.393932 0.919139
0.381458 0.563773 -0.393932 0.919139
0.387276 0.566266 -0.531226 0.84723
0.390185 0.567513 -0.655762 0.754968
0.392484 0.569509 -0.655766 0.754965
0.39708 0.573502 -0.655766 0.754965
0.401676 0.577494 -0.655765 0.754966
0.406273 0.581487 -0.655766 0.754965
0.410869 0.585479 -0.655766 0.754965
0.415465 0.589471 -0.655765 0.754966
0.420062 0.593464 -0.655766 0.754965
0.424658 0.597456 -0.655766 0.754965
0.429254 0.601449 -0.655762 0.754968
0.433851 0.605441 -0.975927 0.218096
0.436149 0.607437 -0.914761 -0.403995
0.435089 0.609836 -0.914762 -0.403994
0.43297 0.614635 -0.914762 -0.403994
0.430851 0.619433 -0.914762 -0.403994
0.428732 0.624232 -0.914762 -0.403994
0.426613 0.62903 -0.914761 -0.403995
0.424494 0.633828 -0.960187 -0.279357
0.423434 0.636227 -0.988717 -0.149798
0.423038 0.63884 -0.988717 -0.149796
0.422247 0.644065 -0.988717 -0.149796
0.421455 0.649289 -0.988717 -0.149796
0.420664 0.654514 -0.988717 -0.149796
0.419872 0.659739 -0.988717 -0.149796
0.41908 0.664964 -0.988717 -0.149797
0.418289 0.670189 -0.988717 -0.149797
0.417497 0.675414 -0.988717 -0.149796
0.416706 0.680638 -0.988717 -0.149796
0.415914 0.685863 -0.988717 -0.149796
0.415122 0.691088 -0.988717 -0.149796
0.414331 0.696313 -0.988717 -0.149796
0.413539 0.701538 -0.988717 -0.149798
0.412748 0.706763 -0.993384 -0.114844
0.412352 0.709375 -0.996815 -0.0797471
0.41213 0.712146 -0.996815 -0.0797489
0.411687 0.717687 -0.996815 -0.0797489
0.411244 0.723229 -0.996815 -0.0797489
0.4108 0.72877 -0.996815 -0.0797489
0.410357 0.734312 -0.996815 -0.0797489
0.409914 0.739853 -0.996815 -0.0797489
0.40947 0.745394 -0.996815 -0.0797489
0.409027 0.750936 -0.996815 -0.0797489
0.408583 0.756477 -0.996815 -0.0797471
0.40814 0.762019 -0.963715 0.266933
0.407919 0.76479 -0.813733 0.581238
0.410689 0.768669 -0.813733 0.581238
0.416231 0.776427 -0.525724 0.850655
0.419002 0.780306 -0.155949 0.987765
0.421634 0.780722 -0.15595 0.987765
0.426898 0.781553 -0.15595 0.987765
0.432162 0.782384 -0.15595 0.987765
0.437427 0.783215 -0.15595 0.987765
0.442691 0.784046 -0.15595 0.987765
0.447955 0.784877 -0.15595 0.987765
0.45322 0.785708 -0.155949 0.987765
0.458484 0.786539 -0.12136 0.992608
0.461116 0.786955 -0.0866281 0.996241
0.464303 0.787232 -0.086628 0.996241
0.470675 0.787786 -0.086628 0.996241
0.477048 0.78834 -0.086628 0.996241
0.483421 0.788895 -0.086628 0.996241
0.489793 0.789449 -0.086628 0.996241
0.496166 0.790003 -0.086628 0.996241
0.502539 0.790557 -0.0866278 0.996241
0.508912 0.791111 3.36541e-07 1
0.512098 0.791388 0.0866283 0.996241
0.515284 0.791111 0.0866283 0.996241
0.521657 0.790557 0.0866283 0.996241
0.52803 0.790003 0.0866283 0.996241
0.534403 0.789449 0.0866283 0.996241
0.540775 0.788895 0.0866283 0.996241
0.547148 0.78834 0.0866283 0.996241
0.553521 0.787786 0.0866283 0.996241
0.559893 0.787232 0.12136 0.992608
0.56308 0.786955 0.155949 0.987765
0.565712 0.786539 0.155949 0.987765
0.570976 0.785708 0.155949 0.987765
0.576241 0.784877 0.155949 0.987765
0.581505 0.784046 0.155949 0.987765
0.586769 0.783215 0.155949 0.987765
0.592034 0.782384 0.155949 0.987765
0.597298 0.781553 0.155949 0.987765
0.602562 0.780722 0.525724 0.850655
0.605194 0.780306 0.813733 0.581238
0.607965 0.776427 0.813733 0.581238
0.613507 0.768669 0.963715 0.266933
0.616278 0.76479 0.996815 -0.0797449
0.616056 0.762019 0.996815 -0.0797445
0.615613 0.756477 0.996815 -0.0797445
0.615169 0.750936 0.996815 -0.0797445
0.614726 0.745394 0.996815 -0.0797445
0.614283 0.739853 0.996815 -0.0797445
0.613839 0.734312 0.996815 -0.0797445
0.613396 0.72877 0.996815 -0.0797445
0.612953 0.723229 0.996815 -0.0797445
0.612509 0.717687 0.996815 -0.0797449
0.612066 0.712146 0.993384 -0.114844
0.611844 0.709375 0.988716 -0.1498
0.611449 0.706763 0.988716 -0.1498
0.610657 0.701538 0.988716 -0.1498
0.609865 0.696313 0.988716 -0.1498
0.609074 0.691088 0.988716 -0.1498
0.608282 0.685863 0.988716 -0.1498
0.607491 0.680638 0.988716 -0.149801
0.606699 0.675414 0.988716 -0.149801
0.605907 0.670189 0.988716 -0.1498
0.605116 0.664964 0.988716 -0.1498
0.604324 0.659739 0.988716 -0.1498
0.603533 0.654514 0.988716 -0.1498
0.602741 0.649289 0.988716 -0.1498
0.601949 0.644065 0.988716 -0.1498
0.601158 0.63884 0.963716 -0.26693
0.600762 0.636227 0.924892 -0.38023
0.599337 0.632763 0.924892 -0.38023
0.596489 0.625833 0.924892 -0.38023
0.59364 0.618903 0.924892 -0.38023
0.590791 0.611974 0.985412 0.170184
0.589367 0.608509 0.74379 0.668414
0.591107 0.606572 0.74379 0.668414
0.594588 0.602699 0.703879 0.71032
0.596329 0.600762 0.661618 0.749841
0.598684 0.598684 0.661622 0.749837
0.603394 0.594528 0.661622 0.749837
0.608104 0.590372 0.661622 0.749837
0.612814 0.586216 0.661622 0.749837
0.617525 0.58206 0.661622 0.749837
0.622235 0.577903 0.661622 0.749837
0.626945 0.573747 0.661618 0.749841
0.631655 0.569591 0.534518 0.845157
0.634011 0.567513 0.393932 0.919139
0.63692 0.566266 0.393932 0.919139
0.642738 0.563773 0.393932 0.919139
0.648557 0.561279 0.393932 0.919139
0.654375 0.558785 0.393932 0.919139
0.660194 0.556291 0.393932 0.919139
0.666012 0.553798 0.393932 0.919139
0.671831 0.551304 0.393932 0.919139
0.677649 0.54881 0.158414 0.987373
0.680558 0.547563 -0.0866283 0.996241
0.683745 0.54784 -0.0866283 0.996241
0.690117 0.548395 -0.0866283 0.996241
0.69649 0.548949 -0.0866283 0.996241
0.702863 0.549503 -0.0866283 0.996241
0.709236 0.550057 -0.0866283 0.996241
0.715608 0.550611 -0.0866283 0.996241
0.721981 0.551165 -0.0866283 0.996241
0.728354 0.551719 0.0296314 0.999561
0.73154 0.551997 0.145495 0.989359
0.734232 0.551601 0.145499 0.989358
0.739615 0.550809 0.145499 0.989358
0.744998 0.550017 0.145499 0.989358
0.750381 0.549226 0.145499 0.989358
0.755764 0.548434 0.145499 0.989358
0.761147 0.547642 0.145499 0.989358
0.76653 0.546851 0.145499 0.989358
0.771914 0.546059 0.145499 0.989358
0.777297 0.545267 0.145499 0.989358
0.78268 0.544476 0.145499 0.989358
0.788063 0.543684 0.145499 0.989358
0.793446 0.542892 0.145499 0.989358
0.798829 0.542101 0.145495 0.989359
0.804212 0.541309 0.326476 0.945205
0.806904 0.540913 0.496137 0.868245
0.809328 0.539528 0.496142 0.868242
0.814177 0.536757 0.496142 0.868242
0.819026 0.533986 0.496142 0.868242
0.823875 0.531216 0.496142 0.868242
0.828723 0.528445 0.496142 0.868242
0.833572 0.525674 0.496142 0.868242
0.838421 0.522903 0.496142 0.868242
0.84327 0.520133 0.496142 0.868242
0.848118 0.517362 0.496142 0.868242
0.852967 0.514591 0.496142 0.868242
0.857816 0.51182 0.496142 0.868242
0.862665 0.50905 0.496142 0.868242
0.867514 0.506279 0.496142 0.868242
0.872362 0.503508 0.496142 0.868242
0.877211 0.500737 0.49614 0.868243
0.88206 0.497967 0.803964 0.594678
0.884484 0.496581 0.975441 0.220259
0.885131 0.493718 0.975442 0.220255
0.886424 0.487992 0.975442 0.220255
0.887717 0.482266 0.975442 0.220259
0.88901 0.47654 0.975442 0.220255
0.890303 0.470814 0.975442 0.220255
0.891596 0.465087 0.975442 0.220259
0.892889 0.459361 0.975442 0.220255
0.894182 0.453635 0.975442 0.220255
0.895475 0.447909 0.975442 0.220259
0.896768 0.442183 0.975442 0.220255
0.898061 0.436457 0.975442 0.220255
0.899354 0.43073 0.985599 -0.169102
0.9 0.427867 0.846233 -0.532813
0.89843 0.425374 0.84623 -0.532817
0.89529 0.420386 0.846231 -0.532816
0.89215 0.415399 0.846231 -0.532816
0.889009 0.410412 0.84623 -0.532817
0.885869 0.405424 0.846231 -0.532816
0.882729 0.400437 0.846231 -0.532816
0.879589 0.39545 0.84623 -0.532817
0.876449 0.390463 0.846231 -0.532816
0.873309 0.385475 0.846231 -0.532816
0.870168 0.380488 0.84623 -0.532817
0.867028 0.375501 0.846233 -0.532813
0.863888 0.370513 0.417685 -0.908592
0.862318 0.36802 -0.146554 -0.989203
0.859326 0.368463 -0.146551 -0.989203
0.853341 0.36935 -0.146551 -0.989203
0.847356 0.370236 -0.146551 -0.989203
0.841371 0.371123 -0.146551 -0.989203
0.835387 0.37201 -0.146551 -0.989203
0.829402 0.372896 -0.146551 -0.989203
0.823417 0.373783 -0.146551 -0.989203
0.817432 0.37467 -0.146551 -0.989203
0.811448 0.375556 -0.146554 -0.989203
0.805463 0.376443 -0.311707 -0.950178
0.80247 0.376886 -0.467882 -0.883791
0.800115 0.378133 -0.467882 -0.883791
0.795405 0.380627 -0.467882 -0.883791
0.790695 0.38312 -0.467882 -0.883791
0.785985 0.385614 -0.467882 -0.883791
0.781274 0.388108 -0.467882 -0.883791
0.776564 0.390601 -0.467882 -0.883791
0.771854 0.393095 -0.467882 -0.883791
0.767144 0.395588 -0.535578 -0.844486
0.764788 0.396835 -0.599998 -0.800002
0.762572 0.398498 -0.599998 -0.800002
0.758138 0.401823 0.327211 -0.944951
0.755922 0.403485 0.966236 -0.257661
0.755183 0.400714 0.966236 -0.257661
0.753705 0.395173 0.966236 -0.257661
0.752228 0.389631 0.966236 -0.257661
0.75075 0.38409 0.966236 -0.257661
0.749272 0.378549 0.966236 -0.257661
0.747794 0.373007 0.966236 -0.257661
0.746317 0.367466 0.966236 -0.257661
0.744839 0.361924 0.966236 -0.257661
0.743361 0.356383 0.966236 -0.257661
0.741884 0.350841 0.966236 -0.257661
0.740406 0.3453 0.966236 -0.257661
0.738928 0.339758 0.845416 -0.534109
0.738189 0.336988 0.647647 -0.76194
0.735973 0.335104 0.647649 -0.761939
0.73154 0.331335 0.647649 -0.761939
0.727106 0.327567 0.647649 -0.761939
0.722673 0.323799 0.647649 -0.761939
0.71824 0.320031 0.647649 -0.761939
0.713807 0.316263 0.647649 -0.761939
0.709374 0.312494 0.647649 -0.761939
0.704941 0.308726 0.647649 -0.761939
0.700507 0.304958 0.647647 -0.76194
0.696074 0.30119 0.670078 -0.742291
0.693858 0.299306 0.691912 -0.721982
0.691958 0.297485 0.69191 -0.721984
0.688158 0.293843 0.69191 -0.721984
0.684358 0.290202 0.69191 -0.721984
0.680558 0.28656 0.69191 -0.721984
0.676758 0.282919 0.69191 -0.721984
0.672959 0.279277 0.69191 -0.721984
0.669159 0.275636 0.69191 -0.721984
0.665359 0.271994 0.69191 -0.721984
0.661559 0.268352 0.69191 -0.721984
0.657759 0.264711 0.69191 -0.721984
0.653959 0.261069 0.69191 -0.721984
0.650159 0.257428 0.69191 -0.721984
0.64636 0.253786 0.691912 -0.721982
0.64256 0.250145 0.427856 -0.903847
0.64066 0.248324 0.119815 -0.992796
0.637981 0.248001 0.119816 -0.992796
0.632625 0.247354 0.119816 -0.992796
0.627268 0.246708 0.119816 -0.992796
0.621911 0.246061 0.119816 -0.992796
0.616554 0.245415 0.119816 -0.992796
0.611198 0.244768 0.119816 -0.992796
0.605841 0.244122 0.119816 -0.992796
0.600484 0.243475 0.119816 -0.992796
0.595127 0.242829 0.119816 -0.992796
0.58977 0.242182 0.119816 -0.992796
0.584414 0.241536 0.119816 -0.992796
0.579057 0.240889 0.119816 -0.992796
0.5737 0.240243 0.119816 -0.992796
0.568343 0.239596 0.119816 -0.992796
0.562986 0.23895 0.119816 -0.992796
0.55763 0.238303 0.119816 -0.992796
0.552273 0.237657 0.119816 -0.992796
0.546916 0.23701 0.119816 -0.992796
0.541559 0.236364 0.119816 -0.992796
0.536203 0.235717 0.119816 -0.992796
0.530846 0.235071 0.119816 -0.992796
0.525489 0.234424 0.119832 -0.992794
0.520132 0.233778 0.119831 -0.992794
0.514776 0.233131 0 0
0.512098 0.232808 0 0
